################################################################################
# Neural network connection values (weights and biases).
################################################################################
# Col  Name       Description
################################################################################
# 1    connection Neural network connection value.
# 2    t          Connection type (a = weight, b = bias).
# 3    index      Index enumerating weights.
# 4    l_s        Starting point layer (end point layer for biases).
# 5    n_s        Starting point neuron in starting layer (end point neuron for biases).
# 6    l_e        End point layer.
# 7    n_e        End point neuron in end layer.
################################################################################
#                      1 2         3     4     5     6     7
#             connection t     index   l_s   n_s   l_e   n_e
############################################################
 -1.8011767016285676E-01 a         1     0     1     1     1
  1.0799873489919135E-01 a         2     0     1     1     2
  2.5629206422405537E-01 a         3     0     1     1     3
 -1.1863115055420760E-01 a         4     0     1     1     4
 -4.0997077136496977E-03 a         5     0     1     1     5
  5.9314436195408904E-01 a         6     0     1     1     6
 -4.7280459739763436E-01 a         7     0     1     1     7
 -1.3456666831604883E-02 a         8     0     1     1     8
 -1.8866055646762137E-01 a         9     0     1     1     9
  1.9241793203567484E-01 a        10     0     1     1    10
 -9.9031168379469126E-02 a        11     0     1     1    11
  3.7515493239490755E-01 a        12     0     1     1    12
  1.4675205083795495E-01 a        13     0     1     1    13
  4.3694870230336513E-01 a        14     0     1     1    14
 -1.8070729265677002E-01 a        15     0     1     1    15
 -2.2739382258706017E-01 a        16     0     1     1    16
 -5.6467108523289755E-01 a        17     0     1     1    17
 -6.8693011667860626E-02 a        18     0     1     1    18
  1.0406603246130350E-01 a        19     0     1     1    19
 -1.2745830603198971E-01 a        20     0     1     1    20
 -5.0546969471117156E-02 a        21     0     2     1     1
  7.4957879956850521E-02 a        22     0     2     1     2
 -1.6313831823611288E-01 a        23     0     2     1     3
  2.0502486158386729E-01 a        24     0     2     1     4
 -1.1648173058514411E-01 a        25     0     2     1     5
  4.4665168752609308E-01 a        26     0     2     1     6
 -1.3364410240026003E-01 a        27     0     2     1     7
 -1.2224364732343406E-02 a        28     0     2     1     8
  2.3202798480729536E-01 a        29     0     2     1     9
 -9.0800562955182490E-02 a        30     0     2     1    10
 -9.6447718266570476E-02 a        31     0     2     1    11
  8.4242529457005666E-01 a        32     0     2     1    12
 -1.5228865416080001E-01 a        33     0     2     1    13
  3.7787071859122900E-01 a        34     0     2     1    14
  1.9354566899519306E-03 a        35     0     2     1    15
  2.9277889505353488E-01 a        36     0     2     1    16
  2.3819684606747749E-01 a        37     0     2     1    17
  2.6798903624623149E-01 a        38     0     2     1    18
  3.8178434855666254E-01 a        39     0     2     1    19
  2.8335572801667797E-01 a        40     0     2     1    20
 -1.9052635250910288E-01 a        41     0     3     1     1
 -4.3113666859399588E-02 a        42     0     3     1     2
  2.4918824483279353E-01 a        43     0     3     1     3
 -4.1130936606487495E-01 a        44     0     3     1     4
  7.5675821499964296E-02 a        45     0     3     1     5
 -1.3605065222061730E-01 a        46     0     3     1     6
 -8.3730247923117465E-02 a        47     0     3     1     7
  1.9881530907043386E-02 a        48     0     3     1     8
  7.0924110347497876E-02 a        49     0     3     1     9
 -2.9403359259321682E-01 a        50     0     3     1    10
  1.1888305944500592E-01 a        51     0     3     1    11
  4.2450595978873695E-01 a        52     0     3     1    12
  3.2144074002262164E-02 a        53     0     3     1    13
 -2.6026036516921580E-01 a        54     0     3     1    14
 -3.0263670770827483E-01 a        55     0     3     1    15
  2.8803674422349018E-01 a        56     0     3     1    16
  9.9666147089725640E-02 a        57     0     3     1    17
  9.9393576020826574E-02 a        58     0     3     1    18
 -1.1723294870490449E-01 a        59     0     3     1    19
 -4.3836423402221623E-02 a        60     0     3     1    20
 -4.0211084573167841E-02 a        61     0     4     1     1
  1.1648155241711999E-01 a        62     0     4     1     2
 -6.1711176853305327E-01 a        63     0     4     1     3
 -4.4542463611183386E-01 a        64     0     4     1     4
 -2.5670754729904838E-01 a        65     0     4     1     5
 -7.3575658697451407E-01 a        66     0     4     1     6
  9.3387101080226842E-01 a        67     0     4     1     7
  2.3011724554441546E-01 a        68     0     4     1     8
  1.6717277510790601E-01 a        69     0     4     1     9
  1.8359572173073671E-01 a        70     0     4     1    10
 -1.5389467502663895E-01 a        71     0     4     1    11
 -2.6084523247792435E-01 a        72     0     4     1    12
 -3.8030443626753435E-01 a        73     0     4     1    13
 -2.0565137635304941E-02 a        74     0     4     1    14
  1.6070224664331202E-02 a        75     0     4     1    15
 -1.7397500573251742E-01 a        76     0     4     1    16
  3.2032297957479744E-01 a        77     0     4     1    17
 -1.2913782850313967E-02 a        78     0     4     1    18
  3.6740192765318525E-01 a        79     0     4     1    19
 -9.0850510371242629E-02 a        80     0     4     1    20
 -1.7819868475725479E-02 a        81     0     5     1     1
 -2.6459974598539210E-01 a        82     0     5     1     2
 -5.5547701217616083E-02 a        83     0     5     1     3
 -1.3230008382285259E-02 a        84     0     5     1     4
 -1.8507123240358175E-02 a        85     0     5     1     5
 -5.1693856754523770E-01 a        86     0     5     1     6
 -3.1125963327881084E-01 a        87     0     5     1     7
 -1.7097422935353063E-01 a        88     0     5     1     8
  5.8079162538067663E-01 a        89     0     5     1     9
 -1.1959390154895057E-01 a        90     0     5     1    10
 -2.9962585204422121E-01 a        91     0     5     1    11
  3.9310863323342354E-02 a        92     0     5     1    12
 -5.4516952771105276E-01 a        93     0     5     1    13
 -4.4560204280535137E-01 a        94     0     5     1    14
  9.6578246587534966E-01 a        95     0     5     1    15
 -6.5674845833801543E-01 a        96     0     5     1    16
 -2.6889384391220023E-01 a        97     0     5     1    17
  2.8039884063505244E-01 a        98     0     5     1    18
  4.8165456017369337E-02 a        99     0     5     1    19
 -2.5779725694526662E-01 a       100     0     5     1    20
 -2.3850895545137263E-01 a       101     0     6     1     1
  1.6851485111749259E-01 a       102     0     6     1     2
  1.4289245039695209E-01 a       103     0     6     1     3
 -3.8056899352612528E-01 a       104     0     6     1     4
 -5.2781091447846740E-01 a       105     0     6     1     5
 -1.2729241560477615E+00 a       106     0     6     1     6
  9.9941794427446462E-01 a       107     0     6     1     7
 -7.4326692764639740E-02 a       108     0     6     1     8
  6.3524672383601788E-01 a       109     0     6     1     9
 -4.2469374715795177E-01 a       110     0     6     1    10
 -2.8440919497155137E-01 a       111     0     6     1    11
 -3.3291323058405914E-01 a       112     0     6     1    12
 -2.7714066296188244E-01 a       113     0     6     1    13
 -5.0186034736516050E-01 a       114     0     6     1    14
  8.3854120824565204E-01 a       115     0     6     1    15
 -5.4661269362677034E-01 a       116     0     6     1    16
 -6.0884383772534549E-03 a       117     0     6     1    17
  1.9291925496923890E-01 a       118     0     6     1    18
 -3.5227618279713668E-01 a       119     0     6     1    19
 -2.0703728886830483E-01 a       120     0     6     1    20
 -9.7916035521951952E-02 a       121     0     7     1     1
 -2.2164707385326787E-01 a       122     0     7     1     2
 -1.1766447399357143E+00 a       123     0     7     1     3
  8.2933985894835116E-01 a       124     0     7     1     4
 -2.3005925640776617E-01 a       125     0     7     1     5
  1.1364568537739936E+00 a       126     0     7     1     6
 -6.2373125500185056E-01 a       127     0     7     1     7
  6.4339463008215958E-01 a       128     0     7     1     8
 -3.6519379673659830E-01 a       129     0     7     1     9
 -6.1907809437530707E-02 a       130     0     7     1    10
 -2.7440478737515173E-01 a       131     0     7     1    11
  1.8780825168316889E-01 a       132     0     7     1    12
  2.0678793012558744E-01 a       133     0     7     1    13
  1.7023119332913042E-01 a       134     0     7     1    14
 -1.0733576089043271E+00 a       135     0     7     1    15
  7.3866895664245757E-01 a       136     0     7     1    16
 -6.8019615592777793E-01 a       137     0     7     1    17
 -1.5200567146538277E+00 a       138     0     7     1    18
  3.7443162750683096E-01 a       139     0     7     1    19
  3.3780530818847337E-01 a       140     0     7     1    20
 -8.4435049168840842E-02 a       141     0     8     1     1
  4.1919976432545980E-01 a       142     0     8     1     2
  1.7319630759878679E-01 a       143     0     8     1     3
 -4.6819944955714748E-01 a       144     0     8     1     4
 -3.4100306313887513E-01 a       145     0     8     1     5
 -2.0786607642165131E-01 a       146     0     8     1     6
  5.5034586585575296E-01 a       147     0     8     1     7
 -1.3124678120217489E-01 a       148     0     8     1     8
  1.2364060870989700E-02 a       149     0     8     1     9
  1.2605827129705566E-01 a       150     0     8     1    10
  1.7497586295483022E-01 a       151     0     8     1    11
 -3.3233512589689412E-01 a       152     0     8     1    12
  2.4985502473381258E-02 a       153     0     8     1    13
  2.1165504178402078E-01 a       154     0     8     1    14
  2.6900809520982844E-01 a       155     0     8     1    15
 -1.0649397940216591E-01 a       156     0     8     1    16
  3.5274291908147476E-01 a       157     0     8     1    17
  6.6960071267353194E-01 a       158     0     8     1    18
  5.4636335978926129E-02 a       159     0     8     1    19
 -2.7251334020103479E-01 a       160     0     8     1    20
  4.7065720191501093E-01 a       161     0     9     1     1
  4.5182631400489803E-01 a       162     0     9     1     2
  6.7306642586149296E-02 a       163     0     9     1     3
 -3.2521165736046770E-01 a       164     0     9     1     4
  1.3249444812158967E-01 a       165     0     9     1     5
 -2.3080899211978063E+00 a       166     0     9     1     6
  3.6746891181775926E-01 a       167     0     9     1     7
 -4.1812183929150798E-01 a       168     0     9     1     8
  8.8472977388574559E-01 a       169     0     9     1     9
  8.8964901140258690E-01 a       170     0     9     1    10
  6.9359774485065839E-01 a       171     0     9     1    11
  7.7412575558784735E-01 a       172     0     9     1    12
 -1.1035520121646718E-01 a       173     0     9     1    13
  1.3059101691632566E+00 a       174     0     9     1    14
  1.2011987645792332E+00 a       175     0     9     1    15
 -1.0507388961296681E-01 a       176     0     9     1    16
  5.2006218380075164E-01 a       177     0     9     1    17
 -4.4088694924641381E-01 a       178     0     9     1    18
 -8.3572685761549876E-03 a       179     0     9     1    19
  3.8017145818683445E-01 a       180     0     9     1    20
  2.2953498821435125E-01 a       181     0    10     1     1
 -8.3791147955023448E-01 a       182     0    10     1     2
 -3.6641557063232555E-01 a       183     0    10     1     3
 -4.1548723457839881E-01 a       184     0    10     1     4
  1.8377427339198982E-01 a       185     0    10     1     5
  1.8355657818728499E+00 a       186     0    10     1     6
 -2.9198674430794036E-01 a       187     0    10     1     7
  8.4033634293887294E-01 a       188     0    10     1     8
 -1.1196962597294233E+00 a       189     0    10     1     9
 -4.0628685079916382E-01 a       190     0    10     1    10
 -1.1738354708843954E+00 a       191     0    10     1    11
 -1.7283168778536548E-01 a       192     0    10     1    12
 -2.8943082905010986E-01 a       193     0    10     1    13
 -1.4654225929133027E+00 a       194     0    10     1    14
 -1.5733009070110888E+00 a       195     0    10     1    15
 -3.8200617389086498E-02 a       196     0    10     1    16
 -1.0671979306270623E+00 a       197     0    10     1    17
  1.2131330597763591E-01 a       198     0    10     1    18
 -2.3054580946224679E-01 a       199     0    10     1    19
 -7.2871932605943135E-01 a       200     0    10     1    20
 -3.4286075624946538E-01 a       201     0    11     1     1
  4.6303898114382264E-01 a       202     0    11     1     2
  9.1427629133384059E-01 a       203     0    11     1     3
  2.7776561369284125E-01 a       204     0    11     1     4
  5.2364263613973971E-01 a       205     0    11     1     5
  4.0044362245452958E-01 a       206     0    11     1     6
 -4.0825263334664075E-01 a       207     0    11     1     7
 -2.2418920752234123E-01 a       208     0    11     1     8
  8.6685539080321594E-01 a       209     0    11     1     9
 -5.9360346320072988E-01 a       210     0    11     1    10
  5.3722264302303946E-01 a       211     0    11     1    11
 -5.0954293405269868E-01 a       212     0    11     1    12
  5.4914707241880363E-02 a       213     0    11     1    13
 -5.1100764673559484E-01 a       214     0    11     1    14
 -2.3482096840130051E-01 a       215     0    11     1    15
  1.5045238296124017E-01 a       216     0    11     1    16
  8.8802690061433587E-01 a       217     0    11     1    17
 -4.9664888853001016E-01 a       218     0    11     1    18
  1.5883328293816196E-01 a       219     0    11     1    19
  4.7530756729297780E-01 a       220     0    11     1    20
  4.9232249662111212E-02 a       221     0    12     1     1
 -1.3419738792898131E-01 a       222     0    12     1     2
 -4.3802978842538448E-01 a       223     0    12     1     3
  6.4787030756050845E-01 a       224     0    12     1     4
 -4.4849602854795390E-01 a       225     0    12     1     5
 -4.8863456467816563E-01 a       226     0    12     1     6
  2.9335729878972922E-01 a       227     0    12     1     7
 -1.3829124740445375E-01 a       228     0    12     1     8
  1.5063045041987819E-01 a       229     0    12     1     9
  4.4007680023817475E-01 a       230     0    12     1    10
 -3.2376549729108350E-01 a       231     0    12     1    11
  2.3064678276218850E-01 a       232     0    12     1    12
 -9.2027212936250311E-03 a       233     0    12     1    13
  5.2699297198673645E-01 a       234     0    12     1    14
  1.3044287990680443E+00 a       235     0    12     1    15
 -4.0037857365252338E-01 a       236     0    12     1    16
 -5.4502871837814715E-01 a       237     0    12     1    17
  8.9841889279920251E-01 a       238     0    12     1    18
 -2.0692333810705818E-01 a       239     0    12     1    19
 -3.5453157863301932E-01 a       240     0    12     1    20
 -5.0611522465464777E-02 a       241     0    13     1     1
 -1.8639107665394994E-01 a       242     0    13     1     2
  1.7612807735983466E-01 a       243     0    13     1     3
  2.9210379596792757E-01 a       244     0    13     1     4
  1.9214460063686650E-01 a       245     0    13     1     5
  2.9096029654246880E-01 a       246     0    13     1     6
  5.8404026565017697E-01 a       247     0    13     1     7
 -1.4287809681155672E-01 a       248     0    13     1     8
  1.8163564652120898E-01 a       249     0    13     1     9
 -2.6763075128710956E-01 a       250     0    13     1    10
  7.3436466004913811E-02 a       251     0    13     1    11
 -7.6377179577892848E-02 a       252     0    13     1    12
  1.2900973223155215E-01 a       253     0    13     1    13
  5.3514474260671607E-01 a       254     0    13     1    14
 -7.1125732695604432E-02 a       255     0    13     1    15
 -2.4668643766481230E-01 a       256     0    13     1    16
  6.7640037660042479E-02 a       257     0    13     1    17
 -3.6407011047279825E-01 a       258     0    13     1    18
  5.7407873382541685E-01 a       259     0    13     1    19
  2.2710984719794908E-01 a       260     0    13     1    20
  1.0903656118388852E-01 a       261     0    14     1     1
  3.7531656259143328E-02 a       262     0    14     1     2
  3.4881235099637364E-01 a       263     0    14     1     3
  2.3786642947173817E-01 a       264     0    14     1     4
 -3.8840128763043558E-01 a       265     0    14     1     5
  9.2134392421037142E-03 a       266     0    14     1     6
 -2.5300016997089236E-01 a       267     0    14     1     7
  2.3524859701527634E-01 a       268     0    14     1     8
  9.0511470724190812E-01 a       269     0    14     1     9
  1.1785857191821654E-01 a       270     0    14     1    10
  5.5807231974504312E-01 a       271     0    14     1    11
 -7.0296046421880098E-01 a       272     0    14     1    12
  4.0618819419115465E-02 a       273     0    14     1    13
 -4.5447769995233901E-02 a       274     0    14     1    14
 -4.8033210822499167E-01 a       275     0    14     1    15
  4.2633268108510691E-01 a       276     0    14     1    16
  4.3073493255376433E-01 a       277     0    14     1    17
 -2.5468585766911372E-01 a       278     0    14     1    18
 -3.3870517137935968E-01 a       279     0    14     1    19
 -7.8328371537521169E-01 a       280     0    14     1    20
 -2.2372036237144466E-01 a       281     0    15     1     1
 -3.6866688851598678E-01 a       282     0    15     1     2
 -4.8305739307947754E-01 a       283     0    15     1     3
  4.4211430612203791E-02 a       284     0    15     1     4
  1.2899052130891089E-01 a       285     0    15     1     5
 -6.8306664572872244E-01 a       286     0    15     1     6
  3.5161891088764685E-01 a       287     0    15     1     7
  7.2504662577100798E-01 a       288     0    15     1     8
  8.3235179398393211E-01 a       289     0    15     1     9
 -4.6604096729556266E-01 a       290     0    15     1    10
 -3.4099249252511277E-01 a       291     0    15     1    11
  8.5982303324783682E-02 a       292     0    15     1    12
  3.5493199450006385E-01 a       293     0    15     1    13
  6.6151127725201597E-01 a       294     0    15     1    14
 -2.5435283922201790E-01 a       295     0    15     1    15
 -2.6563986139268769E-01 a       296     0    15     1    16
 -2.4290147833170564E-01 a       297     0    15     1    17
  8.9881361077690319E-02 a       298     0    15     1    18
  1.8427579241630052E-01 a       299     0    15     1    19
  7.4658864483829690E-02 a       300     0    15     1    20
 -3.6919421366172478E-01 a       301     0    16     1     1
  7.7045336280973431E-01 a       302     0    16     1     2
  7.1705603578358507E-03 a       303     0    16     1     3
  5.5382349733953451E-01 a       304     0    16     1     4
  2.8265604147936224E-01 a       305     0    16     1     5
 -5.3409513277789744E-01 a       306     0    16     1     6
  4.2690655478099404E-01 a       307     0    16     1     7
 -2.9003392805364803E-01 a       308     0    16     1     8
 -3.0891164384224040E-01 a       309     0    16     1     9
 -1.6844993330402586E-01 a       310     0    16     1    10
 -1.3479738489309503E-01 a       311     0    16     1    11
  1.3899595730056929E-01 a       312     0    16     1    12
 -1.1744698083924693E-01 a       313     0    16     1    13
  8.1439149791532306E-01 a       314     0    16     1    14
  4.7457041698080954E-01 a       315     0    16     1    15
 -1.6875228374889881E-01 a       316     0    16     1    16
  2.1440668227186607E-01 a       317     0    16     1    17
  4.4764100254362332E-01 a       318     0    16     1    18
  8.6840064526401958E-02 a       319     0    16     1    19
 -8.1963429062313797E-02 a       320     0    16     1    20
 -3.4271621452973640E-02 a       321     0    17     1     1
  4.8313955887348420E-01 a       322     0    17     1     2
  4.8058178659735640E-01 a       323     0    17     1     3
 -2.8127125998354247E-01 a       324     0    17     1     4
  1.8064399434059603E-01 a       325     0    17     1     5
  6.2445734310731804E-01 a       326     0    17     1     6
 -3.6078754888001813E-01 a       327     0    17     1     7
 -5.9131919348733641E-01 a       328     0    17     1     8
  3.1596366233139317E-01 a       329     0    17     1     9
 -2.8768663679465600E-01 a       330     0    17     1    10
  3.7369808150025602E-01 a       331     0    17     1    11
  1.0492878900521126E-01 a       332     0    17     1    12
 -2.9026876360484921E-01 a       333     0    17     1    13
 -7.8273164191842737E-01 a       334     0    17     1    14
 -2.7309094343806617E-01 a       335     0    17     1    15
  6.3488008455009071E-02 a       336     0    17     1    16
  7.4685131752502831E-01 a       337     0    17     1    17
  3.1650579591934691E-01 a       338     0    17     1    18
 -6.0792154249748231E-01 a       339     0    17     1    19
 -1.9938092907101632E-01 a       340     0    17     1    20
  2.2845247407754707E-01 a       341     0    18     1     1
 -1.0806777194043125E-01 a       342     0    18     1     2
 -4.4381923035117854E-01 a       343     0    18     1     3
 -6.5155096521437650E-01 a       344     0    18     1     4
  3.9034628649881825E-01 a       345     0    18     1     5
 -2.1762721710602961E-01 a       346     0    18     1     6
  5.6700789957140263E-01 a       347     0    18     1     7
 -3.3368510539522139E-01 a       348     0    18     1     8
 -4.7467405267277801E-01 a       349     0    18     1     9
  5.9608434415070533E-01 a       350     0    18     1    10
  5.1289732202243921E-01 a       351     0    18     1    11
  5.2158135067511040E-02 a       352     0    18     1    12
  1.2283274227292572E-01 a       353     0    18     1    13
  7.2000460276545150E-02 a       354     0    18     1    14
  9.4756045563588209E-01 a       355     0    18     1    15
 -3.4283833945697401E-01 a       356     0    18     1    16
 -1.2343438342302721E-01 a       357     0    18     1    17
  1.7866375375940623E-02 a       358     0    18     1    18
  2.6100288120357445E-02 a       359     0    18     1    19
 -1.3837637950165543E-01 a       360     0    18     1    20
 -1.7486614211557988E-01 a       361     0    19     1     1
  6.0551128773804141E-01 a       362     0    19     1     2
 -4.1859657103649368E-02 a       363     0    19     1     3
 -5.8888038134829324E-01 a       364     0    19     1     4
 -4.0195829767883950E-01 a       365     0    19     1     5
 -9.9375995279044649E-01 a       366     0    19     1     6
 -5.3792486823555163E-01 a       367     0    19     1     7
 -4.6403030171899867E-01 a       368     0    19     1     8
 -1.2589380681651710E-01 a       369     0    19     1     9
 -2.3861791656452244E-01 a       370     0    19     1    10
  1.5051167279668884E-01 a       371     0    19     1    11
 -6.6558186864987035E-01 a       372     0    19     1    12
 -4.3445424789678160E-02 a       373     0    19     1    13
 -1.0619757869248023E+00 a       374     0    19     1    14
  9.4613324363146811E-01 a       375     0    19     1    15
  6.5325086286865353E-01 a       376     0    19     1    16
 -3.2710513526736845E-01 a       377     0    19     1    17
 -1.2288962383398474E+00 a       378     0    19     1    18
 -2.7933261181155317E-01 a       379     0    19     1    19
  1.8155895567260016E-01 a       380     0    19     1    20
 -4.2296824390031451E-01 a       381     0    20     1     1
  1.1135048358074665E-01 a       382     0    20     1     2
  1.3222388395808787E-01 a       383     0    20     1     3
 -5.5863618988124690E-02 a       384     0    20     1     4
 -3.7303168042580864E-01 a       385     0    20     1     5
  8.6864530887233227E-01 a       386     0    20     1     6
 -2.6937201246760983E-01 a       387     0    20     1     7
 -2.4683982257197296E-01 a       388     0    20     1     8
 -2.7214682263635576E-01 a       389     0    20     1     9
 -2.2709073447149572E-01 a       390     0    20     1    10
 -3.6690928807536285E-03 a       391     0    20     1    11
  1.4005903061651520E-01 a       392     0    20     1    12
  9.2678290975090782E-01 a       393     0    20     1    13
  6.3806767583898838E-01 a       394     0    20     1    14
 -3.9410815733883864E-01 a       395     0    20     1    15
  2.8720858304637875E-01 a       396     0    20     1    16
 -2.1118779979756661E-01 a       397     0    20     1    17
  4.0496825782144552E-01 a       398     0    20     1    18
  9.7652413302004248E-02 a       399     0    20     1    19
 -1.5976688644917303E-02 a       400     0    20     1    20
  1.2045813897885060E+00 a       401     0    21     1     1
 -8.2757391385163936E-01 a       402     0    21     1     2
  7.2665180564161658E-01 a       403     0    21     1     3
 -3.2541732716216926E-01 a       404     0    21     1     4
 -1.9967640687523389E-01 a       405     0    21     1     5
  1.7314515640403436E-01 a       406     0    21     1     6
 -1.2271391941682945E+00 a       407     0    21     1     7
  3.2450752090622742E-01 a       408     0    21     1     8
 -4.8337235204022155E-01 a       409     0    21     1     9
  2.0364966972717080E-01 a       410     0    21     1    10
  1.0476807417214837E+00 a       411     0    21     1    11
 -7.7098227919014695E-01 a       412     0    21     1    12
  4.2228577168989501E-01 a       413     0    21     1    13
  3.6516818295066700E-01 a       414     0    21     1    14
 -3.6968874102647697E-01 a       415     0    21     1    15
 -1.4666264902908338E-01 a       416     0    21     1    16
  4.4267835571111236E-01 a       417     0    21     1    17
 -1.8186596254517495E-01 a       418     0    21     1    18
 -6.5056112942036126E-01 a       419     0    21     1    19
 -1.4434086096024615E-01 a       420     0    21     1    20
  3.5083671970730569E-02 a       421     0    22     1     1
 -2.3622284699662380E-01 a       422     0    22     1     2
  1.7036423168045525E-01 a       423     0    22     1     3
  3.6802762548714935E-01 a       424     0    22     1     4
  1.8709935698239111E-01 a       425     0    22     1     5
  4.6890937257155202E-01 a       426     0    22     1     6
 -1.0029700324861528E+00 a       427     0    22     1     7
 -5.9804299846420717E-01 a       428     0    22     1     8
 -6.5637723290811012E-01 a       429     0    22     1     9
 -2.1888687726386774E-01 a       430     0    22     1    10
  1.5715918549509517E-01 a       431     0    22     1    11
  4.9138196888258207E-01 a       432     0    22     1    12
  2.3170560306001373E-01 a       433     0    22     1    13
 -4.8124371660930249E-01 a       434     0    22     1    14
  8.7186666723001488E-02 a       435     0    22     1    15
  9.3944422299759855E-02 a       436     0    22     1    16
 -1.9036269751154836E-01 a       437     0    22     1    17
  2.8880398336156649E-01 a       438     0    22     1    18
 -3.5972200605874211E-01 a       439     0    22     1    19
 -5.2070990793337033E-02 a       440     0    22     1    20
 -7.5141720109555638E-02 a       441     0    23     1     1
  3.1160655103234963E-01 a       442     0    23     1     2
 -1.0332471643941420E-01 a       443     0    23     1     3
 -1.0785118768068326E-01 a       444     0    23     1     4
  2.6827618651187524E-01 a       445     0    23     1     5
 -2.9718718041127395E-01 a       446     0    23     1     6
 -3.2332452153067182E-01 a       447     0    23     1     7
  3.5262032281561068E-01 a       448     0    23     1     8
 -3.0927483160115848E-01 a       449     0    23     1     9
  3.3931836810489607E-01 a       450     0    23     1    10
  3.9396189009514315E-01 a       451     0    23     1    11
  3.0565004623917043E-02 a       452     0    23     1    12
  2.6100258894624551E-01 a       453     0    23     1    13
  1.1616744818273171E-01 a       454     0    23     1    14
  7.5930681119420296E-01 a       455     0    23     1    15
  6.9893870569673736E-02 a       456     0    23     1    16
 -1.9398696203696955E-01 a       457     0    23     1    17
  4.1686609870762212E-02 a       458     0    23     1    18
  2.0954646486027548E-01 a       459     0    23     1    19
 -1.0048598612559850E-01 a       460     0    23     1    20
  3.8655764200984717E-02 a       461     0    24     1     1
 -9.0140848513738242E-02 a       462     0    24     1     2
 -5.5658656844022736E-01 a       463     0    24     1     3
  1.6640400901915503E-01 a       464     0    24     1     4
 -2.2180370939296351E-01 a       465     0    24     1     5
 -3.3085832025507678E-01 a       466     0    24     1     6
  9.9525898415264757E-01 a       467     0    24     1     7
 -2.3227120062533485E-01 a       468     0    24     1     8
 -1.2952291948554984E-01 a       469     0    24     1     9
  1.2667708726679702E-01 a       470     0    24     1    10
  6.1793397483450663E-01 a       471     0    24     1    11
  1.0019892048636775E-01 a       472     0    24     1    12
  1.9605619478247649E-01 a       473     0    24     1    13
  2.2617320070081495E-01 a       474     0    24     1    14
  3.6455503016786278E-01 a       475     0    24     1    15
  9.9590218099960423E-02 a       476     0    24     1    16
 -1.6933019904490804E-01 a       477     0    24     1    17
 -9.3811343007695935E-01 a       478     0    24     1    18
  1.7672082704072811E-01 a       479     0    24     1    19
 -1.8205277019011777E-02 a       480     0    24     1    20
 -2.8537356047740164E-01 a       481     0    25     1     1
 -3.7024015850234814E-02 a       482     0    25     1     2
  1.0396758563249497E+00 a       483     0    25     1     3
  9.0321402926682892E-02 a       484     0    25     1     4
  5.3959592701443226E-01 a       485     0    25     1     5
 -4.3629727788400942E-02 a       486     0    25     1     6
 -1.5017749467240058E+00 a       487     0    25     1     7
  3.4349372448995114E-01 a       488     0    25     1     8
  2.6549688358114922E-02 a       489     0    25     1     9
  4.9623203701422075E-01 a       490     0    25     1    10
  2.1876361921882297E-02 a       491     0    25     1    11
 -2.4345616837105397E-01 a       492     0    25     1    12
  8.2821422405252421E-02 a       493     0    25     1    13
 -2.2263843726339657E-02 a       494     0    25     1    14
 -1.6446028241334032E-01 a       495     0    25     1    15
 -1.9671133365583626E-01 a       496     0    25     1    16
  2.0557233922346360E-01 a       497     0    25     1    17
  1.4027445793149016E+00 a       498     0    25     1    18
 -4.1877052139131082E-01 a       499     0    25     1    19
 -1.8359443427796854E-01 a       500     0    25     1    20
 -7.3920682686792680E-02 a       501     0    26     1     1
  9.0422805782065768E-02 a       502     0    26     1     2
  4.6301927222870920E-01 a       503     0    26     1     3
  1.8264926404512430E-01 a       504     0    26     1     4
  6.2321875960079698E-01 a       505     0    26     1     5
  3.5686732407347238E-01 a       506     0    26     1     6
 -3.2027861891857073E-01 a       507     0    26     1     7
 -7.5900345990654691E-02 a       508     0    26     1     8
 -2.4493810632810328E-01 a       509     0    26     1     9
 -5.7280019903765932E-02 a       510     0    26     1    10
 -1.7590901550781890E-01 a       511     0    26     1    11
 -4.4025111755690927E-01 a       512     0    26     1    12
 -1.3106810970351787E-01 a       513     0    26     1    13
 -2.1181284592386013E-01 a       514     0    26     1    14
 -3.4057620080145412E-01 a       515     0    26     1    15
  8.1491833757151196E-03 a       516     0    26     1    16
  3.8184080524639402E-01 a       517     0    26     1    17
  7.3100883285818008E-01 a       518     0    26     1    18
 -3.2093301988959971E-01 a       519     0    26     1    19
  1.5215834958964636E-01 a       520     0    26     1    20
  3.8842697734488096E-01 a       521     0    27     1     1
 -5.9447715367472809E-01 a       522     0    27     1     2
 -3.3171407956130128E-01 a       523     0    27     1     3
 -6.3157700985349979E-02 a       524     0    27     1     4
 -3.9394960526761685E-01 a       525     0    27     1     5
  1.5709524585077525E-01 a       526     0    27     1     6
  1.9626815132059150E+00 a       527     0    27     1     7
 -3.4501016232491261E-01 a       528     0    27     1     8
  4.6488117436539173E-01 a       529     0    27     1     9
 -2.1410643706457666E-01 a       530     0    27     1    10
 -8.1076458953491873E-02 a       531     0    27     1    11
 -8.8974480260621669E-01 a       532     0    27     1    12
 -1.2838649765477881E+00 a       533     0    27     1    13
 -7.0067951480084489E-02 a       534     0    27     1    14
  3.9287305199031303E-01 a       535     0    27     1    15
  9.2758174416206086E-03 a       536     0    27     1    16
 -3.0061957238451970E-01 a       537     0    27     1    17
 -1.1506765470886189E+00 a       538     0    27     1    18
  3.1118067663504828E-01 a       539     0    27     1    19
  8.0388663582814455E-04 a       540     0    27     1    20
 -2.3254825720263172E-02 a       541     0    28     1     1
 -4.8295237025959070E-01 a       542     0    28     1     2
 -4.8229534309235983E-01 a       543     0    28     1     3
 -4.8964044496233922E-01 a       544     0    28     1     4
  4.8405471382114390E-01 a       545     0    28     1     5
  4.3778837835969314E-01 a       546     0    28     1     6
  9.9733054643638200E-02 a       547     0    28     1     7
 -1.5124902484659497E-01 a       548     0    28     1     8
  8.2721631324069833E-01 a       549     0    28     1     9
 -9.9948872679755107E-02 a       550     0    28     1    10
 -8.0330025270805738E-01 a       551     0    28     1    11
  7.7204075922163329E-02 a       552     0    28     1    12
 -1.1897775908011064E-01 a       553     0    28     1    13
  8.0217458035326361E-01 a       554     0    28     1    14
  2.3786410394219218E-01 a       555     0    28     1    15
 -3.2673106096306515E-01 a       556     0    28     1    16
  3.0776782665490504E-01 a       557     0    28     1    17
  8.9831546915131211E-01 a       558     0    28     1    18
 -3.1227962460157516E-01 a       559     0    28     1    19
  8.5253779983659506E-01 a       560     0    28     1    20
 -2.1750910117142297E-01 a       561     0    29     1     1
  1.9338525454518621E-01 a       562     0    29     1     2
  1.9321063834690055E-01 a       563     0    29     1     3
 -2.2047639398740435E-01 a       564     0    29     1     4
  1.4014211293772852E-01 a       565     0    29     1     5
  3.4966910349506630E-01 a       566     0    29     1     6
  3.0814449266685090E-01 a       567     0    29     1     7
  3.4794165933209997E-01 a       568     0    29     1     8
  5.9411160193028911E-01 a       569     0    29     1     9
 -3.0628837469771231E-01 a       570     0    29     1    10
 -2.7695126582289969E-01 a       571     0    29     1    11
  5.1750228846165917E-02 a       572     0    29     1    12
 -3.6878425457024444E-01 a       573     0    29     1    13
 -6.1976449290615972E-02 a       574     0    29     1    14
 -1.4119569093505246E-01 a       575     0    29     1    15
 -3.9744028982973656E-01 a       576     0    29     1    16
  1.3620236617483136E-01 a       577     0    29     1    17
  2.8226435273032818E-01 a       578     0    29     1    18
  4.2755283690001267E-01 a       579     0    29     1    19
  3.3822964118180576E-01 a       580     0    29     1    20
  3.1039927567422410E-01 a       581     0    30     1     1
 -7.7404614303482472E-03 a       582     0    30     1     2
  2.8420850470065567E-01 a       583     0    30     1     3
  3.4127345578815271E-01 a       584     0    30     1     4
 -4.9237447179987776E-01 a       585     0    30     1     5
 -2.7863704136621215E-01 a       586     0    30     1     6
 -4.8426474461621127E-01 a       587     0    30     1     7
  6.3064552480152802E-02 a       588     0    30     1     8
  5.8863500652190863E-02 a       589     0    30     1     9
  3.9102227770248077E-01 a       590     0    30     1    10
  7.3388003466014085E-01 a       591     0    30     1    11
 -1.7334451320952962E-01 a       592     0    30     1    12
  2.7272099162273289E-01 a       593     0    30     1    13
  5.2946847500560001E-01 a       594     0    30     1    14
 -3.4096801929403281E-01 a       595     0    30     1    15
  1.9521579935039957E-01 a       596     0    30     1    16
  1.2067787031450623E-01 a       597     0    30     1    17
  3.7185809321752944E-02 a       598     0    30     1    18
  2.0027856168629055E-01 a       599     0    30     1    19
 -5.1344760602624751E-01 a       600     0    30     1    20
  1.8001516141885521E-01 a       601     0    31     1     1
 -4.1164878568413409E-02 a       602     0    31     1     2
  7.5168535068388154E-01 a       603     0    31     1     3
 -5.4781491373810741E-02 a       604     0    31     1     4
 -1.8879555524897293E-01 a       605     0    31     1     5
  9.8320480635848334E-02 a       606     0    31     1     6
 -7.4207223851845416E-01 a       607     0    31     1     7
  4.0376870903281792E-01 a       608     0    31     1     8
 -3.1142067307954296E-01 a       609     0    31     1     9
  5.9665012775087833E-01 a       610     0    31     1    10
  4.2582815365107646E-01 a       611     0    31     1    11
  3.4633441884076149E-01 a       612     0    31     1    12
 -1.0967777322414543E-01 a       613     0    31     1    13
 -4.1036335740544344E-01 a       614     0    31     1    14
 -3.8112949363452014E-01 a       615     0    31     1    15
  3.8551082915226398E-01 a       616     0    31     1    16
  9.6543848668162194E-02 a       617     0    31     1    17
 -3.7717567833448823E-01 a       618     0    31     1    18
  2.5248347047720382E-01 a       619     0    31     1    19
 -9.0221494013998338E-01 a       620     0    31     1    20
 -3.4166600415541021E-01 a       621     0    32     1     1
  3.3301658045461530E-01 a       622     0    32     1     2
 -7.2374307876122285E-02 a       623     0    32     1     3
  5.2288343278627991E-01 a       624     0    32     1     4
  8.2960054740864064E-01 a       625     0    32     1     5
 -4.6014432346695590E-02 a       626     0    32     1     6
  9.0000784192066652E-01 a       627     0    32     1     7
  1.0257607140841958E-01 a       628     0    32     1     8
 -2.8818983695518635E-01 a       629     0    32     1     9
  2.1548604050258621E-01 a       630     0    32     1    10
 -4.2230629508495970E-01 a       631     0    32     1    11
  8.8456623810045931E-01 a       632     0    32     1    12
 -2.0767584452388227E-01 a       633     0    32     1    13
  2.7632978884208684E-02 a       634     0    32     1    14
  1.8171795899242546E-01 a       635     0    32     1    15
  5.6122176385677972E-02 a       636     0    32     1    16
 -1.0549830238970298E-01 a       637     0    32     1    17
  1.8015433144580609E-02 a       638     0    32     1    18
  6.1203020505586647E-01 a       639     0    32     1    19
 -2.8889930669887293E-02 a       640     0    32     1    20
 -6.6955628195471115E-02 a       641     0    33     1     1
  5.7537674256442843E-02 a       642     0    33     1     2
 -5.5828458040874895E-01 a       643     0    33     1     3
 -3.7275063162542948E-01 a       644     0    33     1     4
  1.6078426820698269E-01 a       645     0    33     1     5
 -9.7421881784136855E-02 a       646     0    33     1     6
 -6.4106712253765363E-01 a       647     0    33     1     7
  1.6082908743150476E-01 a       648     0    33     1     8
  7.6405445982081688E-01 a       649     0    33     1     9
 -1.4678774707993884E-02 a       650     0    33     1    10
  1.8957598134935061E-01 a       651     0    33     1    11
  1.5910037015666859E-01 a       652     0    33     1    12
 -5.6567598155139875E-01 a       653     0    33     1    13
 -7.8162508484816906E-01 a       654     0    33     1    14
  8.2195246599246763E-01 a       655     0    33     1    15
 -1.4720069579095121E-01 a       656     0    33     1    16
  9.5014546595894256E-02 a       657     0    33     1    17
 -5.8749220464888607E-01 a       658     0    33     1    18
 -6.6972856154990779E-01 a       659     0    33     1    19
 -1.0271250227607820E+00 a       660     0    33     1    20
  3.5816555463859695E-01 a       661     0    34     1     1
 -1.5675489555476102E-01 a       662     0    34     1     2
  2.0145413021042546E-01 a       663     0    34     1     3
 -3.0137837338343643E-01 a       664     0    34     1     4
 -5.8109512806835323E-02 a       665     0    34     1     5
 -1.9220676456149227E-01 a       666     0    34     1     6
  1.2392674456392734E-01 a       667     0    34     1     7
  1.8625631916640714E-01 a       668     0    34     1     8
 -3.7619786182450043E-01 a       669     0    34     1     9
  4.3757167523588303E-01 a       670     0    34     1    10
 -2.8245347547679711E-01 a       671     0    34     1    11
  1.4769554187893119E-01 a       672     0    34     1    12
 -7.1503591214232984E-02 a       673     0    34     1    13
  9.0613428805645532E-02 a       674     0    34     1    14
 -7.3414599198474906E-01 a       675     0    34     1    15
 -2.9945779195678851E-01 a       676     0    34     1    16
 -1.3636811967137849E-01 a       677     0    34     1    17
  1.2806343497987330E-01 a       678     0    34     1    18
 -2.6693498489220233E-02 a       679     0    34     1    19
  3.4364589817015151E-01 a       680     0    34     1    20
 -4.3017300117325921E-02 a       681     0    35     1     1
 -3.8471483350310109E-01 a       682     0    35     1     2
  4.7825746358740051E-01 a       683     0    35     1     3
 -3.3860523263541741E-02 a       684     0    35     1     4
  4.2188205608008533E-01 a       685     0    35     1     5
  3.7192391594611018E-01 a       686     0    35     1     6
  1.9777335057317558E-01 a       687     0    35     1     7
  7.6055468796275605E-01 a       688     0    35     1     8
 -1.0811926532678955E+00 a       689     0    35     1     9
  2.6236572330317876E-01 a       690     0    35     1    10
  9.3352435958809182E-02 a       691     0    35     1    11
  1.1136393688769981E-01 a       692     0    35     1    12
  1.2331077268120139E+00 a       693     0    35     1    13
 -4.6205755536673598E-01 a       694     0    35     1    14
 -1.8709576184758617E-01 a       695     0    35     1    15
 -3.7592912814174667E-01 a       696     0    35     1    16
 -9.5003223315085594E-01 a       697     0    35     1    17
 -2.8684408002727351E-02 a       698     0    35     1    18
  7.4276057500244741E-01 a       699     0    35     1    19
  3.5482425465308598E-01 a       700     0    35     1    20
 -2.6079588721894437E-01 a       701     0    36     1     1
  2.1448987792769206E-01 a       702     0    36     1     2
  8.5243857245711957E-02 a       703     0    36     1     3
 -2.3234412328553561E-01 a       704     0    36     1     4
 -2.1551363250171002E-01 a       705     0    36     1     5
  1.2075539876643326E-01 a       706     0    36     1     6
  1.4349976906640793E-01 a       707     0    36     1     7
 -4.1290818969155429E-01 a       708     0    36     1     8
  7.5125291782048242E-02 a       709     0    36     1     9
 -1.0828996386246140E-01 a       710     0    36     1    10
  1.4691452266788621E-01 a       711     0    36     1    11
 -1.1468795201096688E-01 a       712     0    36     1    12
 -6.7226024764197923E-01 a       713     0    36     1    13
  6.5552754941956559E-01 a       714     0    36     1    14
 -2.0323109003973796E-02 a       715     0    36     1    15
  2.9729809459204165E-01 a       716     0    36     1    16
  4.5473381511139876E-01 a       717     0    36     1    17
  1.6344735085969977E-01 a       718     0    36     1    18
  2.8358447927792529E-01 a       719     0    36     1    19
  9.4061705823464528E-02 a       720     0    36     1    20
  9.4683578608802749E-02 a       721     0    37     1     1
  5.7484596241639853E-02 a       722     0    37     1     2
  4.1502634484370626E-01 a       723     0    37     1     3
  4.2414604772516923E-01 a       724     0    37     1     4
 -1.6270003133005168E-01 a       725     0    37     1     5
 -1.5020045953824501E-01 a       726     0    37     1     6
  1.5464683691160847E-01 a       727     0    37     1     7
 -1.4335248637457199E-01 a       728     0    37     1     8
 -8.8421353979973652E-02 a       729     0    37     1     9
  6.1093042444676768E-02 a       730     0    37     1    10
 -2.0992824974312368E-01 a       731     0    37     1    11
 -1.3671000320458396E-01 a       732     0    37     1    12
  8.0979822438934801E-01 a       733     0    37     1    13
  3.8198049832139080E-01 a       734     0    37     1    14
 -7.8828707851919944E-01 a       735     0    37     1    15
 -2.3490292771848376E-01 a       736     0    37     1    16
  2.8619018368314236E-01 a       737     0    37     1    17
  1.8910940112858204E-01 a       738     0    37     1    18
  9.7361705635507223E-02 a       739     0    37     1    19
  3.6438535387230864E-01 a       740     0    37     1    20
 -4.0011663572229456E-01 a       741     0    38     1     1
 -1.4685083448612213E-01 a       742     0    38     1     2
 -7.9328051336243466E-01 a       743     0    38     1     3
  1.2104721973277277E-02 a       744     0    38     1     4
 -5.1335936596097076E-01 a       745     0    38     1     5
  1.4327127247406890E-01 a       746     0    38     1     6
 -2.0560135799776924E-01 a       747     0    38     1     7
  9.6326715034564230E-03 a       748     0    38     1     8
  5.2797868994839799E-02 a       749     0    38     1     9
 -1.4953233192860316E-01 a       750     0    38     1    10
 -7.1272256759924019E-02 a       751     0    38     1    11
 -2.4084601417085932E-01 a       752     0    38     1    12
 -4.3059206589914450E-01 a       753     0    38     1    13
 -5.1175443628946415E-01 a       754     0    38     1    14
  2.7649887540545404E-01 a       755     0    38     1    15
  2.3127062354443564E-01 a       756     0    38     1    16
 -2.0898881428766219E-01 a       757     0    38     1    17
  1.6757615035308188E-01 a       758     0    38     1    18
 -4.7605751273704572E-01 a       759     0    38     1    19
  3.1935735736908921E-01 a       760     0    38     1    20
  5.3072421589355256E-01 a       761     0    39     1     1
 -6.9488230547332464E-01 a       762     0    39     1     2
  9.6242939707563507E-02 a       763     0    39     1     3
  2.9485845869590743E-01 a       764     0    39     1     4
 -9.4815772846166391E-01 a       765     0    39     1     5
  8.4474383697680400E-01 a       766     0    39     1     6
 -3.5320159521977196E-01 a       767     0    39     1     7
  1.1617559965793336E-01 a       768     0    39     1     8
 -7.4198401318646157E-01 a       769     0    39     1     9
 -1.6445904598577063E-01 a       770     0    39     1    10
  1.1565854456015294E+00 a       771     0    39     1    11
 -4.3059212774871969E-01 a       772     0    39     1    12
 -2.4513142418740591E-01 a       773     0    39     1    13
 -2.4137157916420873E-01 a       774     0    39     1    14
  1.3777128857736839E-01 a       775     0    39     1    15
  5.6122640240009325E-01 a       776     0    39     1    16
 -1.2335047426112495E+00 a       777     0    39     1    17
 -1.2874986913469164E-01 a       778     0    39     1    18
  2.3323841271640169E-01 a       779     0    39     1    19
 -2.8400878922230466E-01 a       780     0    39     1    20
  6.8317126790812699E-01 a       781     0    40     1     1
  7.8455223051105272E-01 a       782     0    40     1     2
  5.5429849649867313E-01 a       783     0    40     1     3
  6.1448741030627252E-01 a       784     0    40     1     4
 -1.1243142817583360E+00 a       785     0    40     1     5
 -7.6746680210935492E-01 a       786     0    40     1     6
  4.0557651190404342E-01 a       787     0    40     1     7
 -6.4238563480166155E-02 a       788     0    40     1     8
 -1.3065635061816059E+00 a       789     0    40     1     9
 -9.3094685269900468E-01 a       790     0    40     1    10
 -7.3956511231554833E-01 a       791     0    40     1    11
 -2.2441969377535959E-01 a       792     0    40     1    12
 -8.9216357318765183E-01 a       793     0    40     1    13
 -8.2066182739237870E-01 a       794     0    40     1    14
  9.6293542548685040E-01 a       795     0    40     1    15
  3.3583062759977633E-02 a       796     0    40     1    16
  3.4451506100836060E-01 a       797     0    40     1    17
 -1.9529406956520520E-01 a       798     0    40     1    18
  6.3126820350642898E-01 a       799     0    40     1    19
  1.1776731876598534E+00 a       800     0    40     1    20
 -6.3200887897922720E-02 a       801     0    41     1     1
 -1.1536886860437720E-01 a       802     0    41     1     2
  1.6761323978036899E-01 a       803     0    41     1     3
  9.0810310783017090E-01 a       804     0    41     1     4
  1.1361551602583024E+00 a       805     0    41     1     5
  4.7423348023563416E-01 a       806     0    41     1     6
  6.8528731815433663E-01 a       807     0    41     1     7
 -3.5823460403023480E-03 a       808     0    41     1     8
  5.7714382049516777E-01 a       809     0    41     1     9
 -3.7514515796318530E-02 a       810     0    41     1    10
  5.5350027928323768E-02 a       811     0    41     1    11
 -7.6323076260871969E-01 a       812     0    41     1    12
 -3.0402291551178534E-01 a       813     0    41     1    13
 -1.4326800188273794E-01 a       814     0    41     1    14
 -7.4639841808394267E-02 a       815     0    41     1    15
  6.9363838246366594E-01 a       816     0    41     1    16
 -6.1531245142227275E-01 a       817     0    41     1    17
  3.2724694813413607E-01 a       818     0    41     1    18
  2.6741285009496824E-01 a       819     0    41     1    19
  2.1959076878551914E-01 a       820     0    41     1    20
  2.3369775312844021E-01 a       821     0    42     1     1
 -9.3782039292903269E-02 a       822     0    42     1     2
 -4.9006394995068570E-01 a       823     0    42     1     3
  6.4156637860966448E-01 a       824     0    42     1     4
  7.9795703871148982E-02 a       825     0    42     1     5
 -5.1986040401962497E-01 a       826     0    42     1     6
  7.8821445534916643E-02 a       827     0    42     1     7
 -2.3684251098191191E-02 a       828     0    42     1     8
 -1.1416518845860759E+00 a       829     0    42     1     9
 -7.7621440370407802E-02 a       830     0    42     1    10
 -5.9946834609262845E-01 a       831     0    42     1    11
  4.3199571501476595E-02 a       832     0    42     1    12
  8.1842238354900537E-02 a       833     0    42     1    13
  6.3974067657162204E-01 a       834     0    42     1    14
  4.1419673625834319E-01 a       835     0    42     1    15
  2.2416291209500311E-01 a       836     0    42     1    16
 -1.7401469019774674E-02 a       837     0    42     1    17
  2.5052256771396264E-01 a       838     0    42     1    18
 -5.7388495372825510E-01 a       839     0    42     1    19
  1.7748443035539249E-01 a       840     0    42     1    20
 -9.0988672158859873E-01 a       841     0    43     1     1
 -1.1678716804968770E+00 a       842     0    43     1     2
 -7.8327577509924418E-01 a       843     0    43     1     3
 -5.0986612969699974E-01 a       844     0    43     1     4
  3.4785391799885740E-01 a       845     0    43     1     5
  1.4840753785141985E+00 a       846     0    43     1     6
 -1.9213412889926249E+00 a       847     0    43     1     7
 -5.9555330161847742E-01 a       848     0    43     1     8
  5.4983835762966993E-01 a       849     0    43     1     9
  1.5187371924450052E-01 a       850     0    43     1    10
  3.3230117856515595E-01 a       851     0    43     1    11
  8.5284472833248692E-01 a       852     0    43     1    12
  2.4571236661619028E-01 a       853     0    43     1    13
 -2.6848920711192970E-01 a       854     0    43     1    14
 -1.3111629949207695E+00 a       855     0    43     1    15
  5.1920144876663998E-01 a       856     0    43     1    16
 -3.5610719760280013E-01 a       857     0    43     1    17
 -4.4385344347055095E-01 a       858     0    43     1    18
 -3.8689997858121289E-01 a       859     0    43     1    19
 -1.0061775835278701E+00 a       860     0    43     1    20
  1.3117563589161652E-01 a       861     0    44     1     1
  4.1604388758305205E-01 a       862     0    44     1     2
 -3.9358206708879413E-02 a       863     0    44     1     3
 -6.3452422573065409E-02 a       864     0    44     1     4
  1.0809053920370605E-02 a       865     0    44     1     5
 -9.2918463259624784E-01 a       866     0    44     1     6
  3.0910669806612695E-01 a       867     0    44     1     7
  1.0503051762350372E-01 a       868     0    44     1     8
 -5.3334910437019843E-02 a       869     0    44     1     9
  2.9362314586481986E-01 a       870     0    44     1    10
  1.2300520268961646E-01 a       871     0    44     1    11
  4.6166630164618944E-01 a       872     0    44     1    12
  8.9963349740782061E-01 a       873     0    44     1    13
 -1.5727822219784590E-01 a       874     0    44     1    14
  3.7078219978937355E-01 a       875     0    44     1    15
 -5.7472511401014503E-01 a       876     0    44     1    16
  8.3223344886026207E-01 a       877     0    44     1    17
 -3.9661351369204878E-01 a       878     0    44     1    18
 -5.4142355968933631E-01 a       879     0    44     1    19
 -2.5688161297157180E-01 a       880     0    44     1    20
 -3.8907101562117635E-01 a       881     0    45     1     1
  4.2663530304103164E-01 a       882     0    45     1     2
 -7.5233582308110580E-01 a       883     0    45     1     3
 -5.6228750593706123E-01 a       884     0    45     1     4
  4.4646949079161685E-01 a       885     0    45     1     5
  4.3677130278384507E-01 a       886     0    45     1     6
  2.0074866912383413E-01 a       887     0    45     1     7
  1.2369885908073985E-01 a       888     0    45     1     8
 -4.0136975150213544E-01 a       889     0    45     1     9
 -1.0761339218572535E-01 a       890     0    45     1    10
 -7.3622572356779881E-01 a       891     0    45     1    11
  9.1372999490071591E-02 a       892     0    45     1    12
 -1.7645951841492119E-01 a       893     0    45     1    13
 -6.4975788897388143E-01 a       894     0    45     1    14
 -1.0461583396511343E+00 a       895     0    45     1    15
 -2.8741688398765386E-01 a       896     0    45     1    16
  6.7945802392667753E-01 a       897     0    45     1    17
 -3.9642918207334166E-01 a       898     0    45     1    18
 -1.4821928639079326E-01 a       899     0    45     1    19
 -8.3014474551532921E-02 a       900     0    45     1    20
  1.3620965657297007E-01 a       901     0    46     1     1
 -7.5016130574476161E-02 a       902     0    46     1     2
 -2.8233577451134051E-01 a       903     0    46     1     3
 -7.1190438304188225E-02 a       904     0    46     1     4
 -3.5135034689214240E-01 a       905     0    46     1     5
 -3.5206986074918784E-01 a       906     0    46     1     6
  4.0930715344411672E-01 a       907     0    46     1     7
 -1.7670946620625128E-02 a       908     0    46     1     8
  1.0758330279780770E+00 a       909     0    46     1     9
  1.5456364324202607E-01 a       910     0    46     1    10
 -3.8792221926472686E-01 a       911     0    46     1    11
 -8.6541102091422850E-02 a       912     0    46     1    12
  2.2288233766678442E-01 a       913     0    46     1    13
  5.1763213648657702E-01 a       914     0    46     1    14
  3.8351022970311571E-01 a       915     0    46     1    15
 -2.9512300021353277E-01 a       916     0    46     1    16
 -3.9768199095944268E-01 a       917     0    46     1    17
  9.2251705250060191E-03 a       918     0    46     1    18
  1.2038274851775409E-01 a       919     0    46     1    19
 -1.3505779177506305E-01 a       920     0    46     1    20
 -1.3262556753577113E+00 b       921     1     1
  2.0452311441615988E-02 b       922     1     2
 -1.6865576631448089E+00 b       923     1     3
  1.2832420579599850E+00 b       924     1     4
 -9.6684483735925619E-01 b       925     1     5
  6.6471637558631935E-01 b       926     1     6
 -1.0885412498611675E+00 b       927     1     7
  2.6213116248929674E-01 b       928     1     8
 -4.4351794069694928E-01 b       929     1     9
 -1.7963394206802895E-02 b       930     1    10
 -8.2088544416266074E-01 b       931     1    11
 -1.3725133948683057E+00 b       932     1    12
 -1.1528108101197212E+00 b       933     1    13
 -7.5849215208509968E-01 b       934     1    14
  9.2838466982792578E-01 b       935     1    15
  7.1301924734027067E-01 b       936     1    16
  6.8992826963154199E-03 b       937     1    17
 -8.7263483503835859E-01 b       938     1    18
  4.0210575824591099E-01 b       939     1    19
  1.3828687351657485E+00 b       940     1    20
  6.8475408742529009E-01 a       941     1     1     2     1
  2.5530319849475680E-01 a       942     1     1     2     2
  2.4485996231511939E-01 a       943     1     1     2     3
 -8.5800166110669440E-01 a       944     1     1     2     4
  5.4917231814500000E-01 a       945     1     1     2     5
 -5.9163984934819461E-02 a       946     1     1     2     6
 -6.3017012207664147E-01 a       947     1     1     2     7
 -1.3807477818260727E-01 a       948     1     1     2     8
 -1.1200731224128331E-01 a       949     1     1     2     9
 -1.1002082796569862E-01 a       950     1     1     2    10
 -8.5267817426959558E-01 a       951     1     1     2    11
  1.2387511754004188E+00 a       952     1     1     2    12
  2.0359682047809430E-01 a       953     1     1     2    13
 -7.0197259346416541E-01 a       954     1     1     2    14
  2.1010655223367886E-01 a       955     1     1     2    15
  2.3049879288311242E-02 a       956     1     1     2    16
  4.8747829642431878E-01 a       957     1     1     2    17
  8.4749537748409293E-02 a       958     1     1     2    18
  1.1390856108813472E+00 a       959     1     1     2    19
 -6.1917358336035344E-01 a       960     1     1     2    20
 -2.2902083826774366E-01 a       961     1     2     2     1
  7.6377637481129890E-01 a       962     1     2     2     2
 -6.5034407160213470E-01 a       963     1     2     2     3
  2.6417579167419231E-01 a       964     1     2     2     4
  1.9566300342190707E-01 a       965     1     2     2     5
  3.1888630286044189E-01 a       966     1     2     2     6
  6.6880520713859404E-01 a       967     1     2     2     7
 -4.3543138991088154E-01 a       968     1     2     2     8
  2.8960050086382061E-01 a       969     1     2     2     9
  1.7433804913061876E-01 a       970     1     2     2    10
  4.0009090294308813E-01 a       971     1     2     2    11
 -5.0402065803080065E-01 a       972     1     2     2    12
  2.3672359537639496E-02 a       973     1     2     2    13
 -4.3691661381303815E-01 a       974     1     2     2    14
  3.3260240613665570E-01 a       975     1     2     2    15
  6.0500229027239305E-01 a       976     1     2     2    16
 -6.1346288094849066E-01 a       977     1     2     2    17
 -1.5138348492008954E-01 a       978     1     2     2    18
 -9.2289638002078678E-01 a       979     1     2     2    19
 -7.6455564184340608E-01 a       980     1     2     2    20
 -4.2721503234224384E-01 a       981     1     3     2     1
  3.3544493535249409E-01 a       982     1     3     2     2
 -5.9672945093419005E-01 a       983     1     3     2     3
 -5.5614115323355706E-01 a       984     1     3     2     4
  4.7686198754747805E-01 a       985     1     3     2     5
 -1.7067244734124998E-01 a       986     1     3     2     6
 -3.9727837969971558E-01 a       987     1     3     2     7
  1.7775928032639807E-01 a       988     1     3     2     8
  1.7136654925734332E-01 a       989     1     3     2     9
 -5.8472033709559244E-02 a       990     1     3     2    10
  2.7530017258087491E-01 a       991     1     3     2    11
 -4.8661210268789840E-01 a       992     1     3     2    12
  9.1049992548867073E-02 a       993     1     3     2    13
 -2.9944726299510960E-01 a       994     1     3     2    14
  7.8449346379627094E-01 a       995     1     3     2    15
  8.9683116548723407E-01 a       996     1     3     2    16
 -1.0013459743787128E+00 a       997     1     3     2    17
 -1.9025488514736169E-01 a       998     1     3     2    18
  2.1365975936143211E-01 a       999     1     3     2    19
 -6.0569880488465633E-01 a      1000     1     3     2    20
 -7.5940190309672173E-01 a      1001     1     4     2     1
 -1.7962573914833385E-02 a      1002     1     4     2     2
  3.2847157628177354E-01 a      1003     1     4     2     3
 -1.3254800292907945E-01 a      1004     1     4     2     4
 -5.8620495314239573E-01 a      1005     1     4     2     5
 -2.9118450954798053E-01 a      1006     1     4     2     6
  2.2283744100964498E-01 a      1007     1     4     2     7
  1.2169701522223717E+00 a      1008     1     4     2     8
  5.8648926467172724E-01 a      1009     1     4     2     9
 -1.5288916926787077E-01 a      1010     1     4     2    10
  5.2443013735575861E-01 a      1011     1     4     2    11
 -4.5021236608697424E-01 a      1012     1     4     2    12
 -2.4039465316422626E-01 a      1013     1     4     2    13
 -1.0160292899847772E+00 a      1014     1     4     2    14
  4.8037968054413499E-01 a      1015     1     4     2    15
 -1.7857932188874864E-01 a      1016     1     4     2    16
  1.0981529174079648E-01 a      1017     1     4     2    17
 -8.1942867409596543E-01 a      1018     1     4     2    18
 -1.3337768140865122E-01 a      1019     1     4     2    19
  2.3982471292534330E-01 a      1020     1     4     2    20
  1.2816027234939256E-01 a      1021     1     5     2     1
  7.3592051965488436E-01 a      1022     1     5     2     2
 -5.6077877481537863E-02 a      1023     1     5     2     3
 -2.8377047156574914E-01 a      1024     1     5     2     4
  4.6126829258544461E-01 a      1025     1     5     2     5
  6.5420998523643623E-02 a      1026     1     5     2     6
 -4.6974785358153470E-02 a      1027     1     5     2     7
 -4.0713342233847788E-02 a      1028     1     5     2     8
 -6.2468754846252650E-01 a      1029     1     5     2     9
  7.0736990533675159E-01 a      1030     1     5     2    10
 -2.6078201468820317E-01 a      1031     1     5     2    11
  1.3282522723513110E-01 a      1032     1     5     2    12
 -7.5931119519176116E-01 a      1033     1     5     2    13
  5.2449424120133814E-01 a      1034     1     5     2    14
  4.4223535637572788E-02 a      1035     1     5     2    15
  6.2603588597675430E-01 a      1036     1     5     2    16
 -2.5590976209340871E-01 a      1037     1     5     2    17
  3.5212042821427653E-01 a      1038     1     5     2    18
 -9.6348610624550857E-01 a      1039     1     5     2    19
  5.5518782619442320E-01 a      1040     1     5     2    20
  9.1567334308556569E-01 a      1041     1     6     2     1
  9.0382742257947535E-01 a      1042     1     6     2     2
  4.6495341005003199E-01 a      1043     1     6     2     3
 -8.1542975560561592E-01 a      1044     1     6     2     4
 -4.6991439935007184E-01 a      1045     1     6     2     5
 -3.5477281651035281E-01 a      1046     1     6     2     6
  1.8633342688579507E-01 a      1047     1     6     2     7
  5.6041924608605831E-01 a      1048     1     6     2     8
 -2.8744823082481014E-01 a      1049     1     6     2     9
 -1.7987886975182354E-01 a      1050     1     6     2    10
  5.0323396971064116E-01 a      1051     1     6     2    11
 -1.3513047945597728E-01 a      1052     1     6     2    12
  3.7479029650300483E-01 a      1053     1     6     2    13
  3.7312158853959576E-01 a      1054     1     6     2    14
  1.7389287141969226E-01 a      1055     1     6     2    15
 -4.3959028879185152E-01 a      1056     1     6     2    16
  1.2613337272310696E-01 a      1057     1     6     2    17
  8.4200437767774128E-01 a      1058     1     6     2    18
  2.3960786592987160E-01 a      1059     1     6     2    19
 -2.1195573746812213E-01 a      1060     1     6     2    20
 -1.3901941976145060E-01 a      1061     1     7     2     1
 -4.9904982545319421E-01 a      1062     1     7     2     2
 -2.1153500080827664E-01 a      1063     1     7     2     3
  9.1650366408884165E-01 a      1064     1     7     2     4
 -1.7442429269772033E-02 a      1065     1     7     2     5
 -1.0747924630578930E-01 a      1066     1     7     2     6
 -3.6452814141854850E-01 a      1067     1     7     2     7
 -5.6504723162374282E-01 a      1068     1     7     2     8
  1.9830501581700732E-01 a      1069     1     7     2     9
 -3.1310041931073368E-01 a      1070     1     7     2    10
  1.2488012725454465E+00 a      1071     1     7     2    11
  2.8362801859819498E-01 a      1072     1     7     2    12
  3.0608257783983850E-01 a      1073     1     7     2    13
 -3.9797373300217870E-01 a      1074     1     7     2    14
 -1.6830265773097111E-01 a      1075     1     7     2    15
  4.2908434596942840E-01 a      1076     1     7     2    16
  3.6952505848574008E-01 a      1077     1     7     2    17
  1.9731675548044889E-01 a      1078     1     7     2    18
  7.7286785005738456E-01 a      1079     1     7     2    19
 -1.6811015475756008E-01 a      1080     1     7     2    20
  3.8375887085342714E-01 a      1081     1     8     2     1
  8.5105074820899986E-03 a      1082     1     8     2     2
  2.8059848670236626E-01 a      1083     1     8     2     3
  1.0939103432104171E+00 a      1084     1     8     2     4
  7.7372700284497853E-01 a      1085     1     8     2     5
  8.1888189351906160E-01 a      1086     1     8     2     6
  4.0559356442080574E-01 a      1087     1     8     2     7
  9.9197254024857212E-02 a      1088     1     8     2     8
 -2.9790774893066896E-01 a      1089     1     8     2     9
  4.2625948669930486E-01 a      1090     1     8     2    10
  8.4186581412165673E-02 a      1091     1     8     2    11
  7.4052935807922482E-01 a      1092     1     8     2    12
 -3.4745229756422641E-01 a      1093     1     8     2    13
  1.0213835824126764E-01 a      1094     1     8     2    14
 -6.7132335362410178E-01 a      1095     1     8     2    15
  5.4211396965354020E-01 a      1096     1     8     2    16
 -7.1619771016760081E-01 a      1097     1     8     2    17
 -2.9473362408544157E-01 a      1098     1     8     2    18
 -7.5742494497645452E-01 a      1099     1     8     2    19
 -2.1744809483280741E-01 a      1100     1     8     2    20
 -1.3547797391590638E-01 a      1101     1     9     2     1
 -3.5746218978314270E-01 a      1102     1     9     2     2
 -3.2050967173497091E-02 a      1103     1     9     2     3
  6.6243482084810498E-02 a      1104     1     9     2     4
  1.0055641155845206E-01 a      1105     1     9     2     5
 -7.5444654312103754E-01 a      1106     1     9     2     6
  6.6130183438778634E-01 a      1107     1     9     2     7
  2.4077547667605279E-01 a      1108     1     9     2     8
  5.3281537936125745E-01 a      1109     1     9     2     9
 -9.7521044222712641E-02 a      1110     1     9     2    10
  1.5325708689165032E-01 a      1111     1     9     2    11
  4.8181079354770062E-01 a      1112     1     9     2    12
 -5.4433033575447554E-01 a      1113     1     9     2    13
 -5.8381475345390044E-01 a      1114     1     9     2    14
 -5.5539917407321659E-01 a      1115     1     9     2    15
 -1.1750742582960010E-02 a      1116     1     9     2    16
  2.2200893132033318E-02 a      1117     1     9     2    17
 -8.1367848129051679E-02 a      1118     1     9     2    18
 -4.2018892184953777E-01 a      1119     1     9     2    19
  2.6187596528019713E-01 a      1120     1     9     2    20
 -4.3780823181954281E-01 a      1121     1    10     2     1
  1.1236452275384404E-01 a      1122     1    10     2     2
  1.1294570693393073E+00 a      1123     1    10     2     3
  1.7092564941450522E-01 a      1124     1    10     2     4
 -5.2812090682180912E-01 a      1125     1    10     2     5
  3.0872801169860109E-01 a      1126     1    10     2     6
  9.6984660061590566E-01 a      1127     1    10     2     7
 -2.1413845635458911E-01 a      1128     1    10     2     8
  2.0048519947756172E-01 a      1129     1    10     2     9
 -4.2472162100009314E-01 a      1130     1    10     2    10
 -6.9941228553715995E-01 a      1131     1    10     2    11
 -9.1680991513308496E-01 a      1132     1    10     2    12
 -3.4851186344996238E-01 a      1133     1    10     2    13
 -4.3177586296947906E-01 a      1134     1    10     2    14
  3.8313469180022153E-01 a      1135     1    10     2    15
 -2.3392260374026863E-01 a      1136     1    10     2    16
  4.5571304470500285E-01 a      1137     1    10     2    17
 -1.6883504087889054E-01 a      1138     1    10     2    18
  9.6858015266717348E-02 a      1139     1    10     2    19
 -5.2161555777653135E-01 a      1140     1    10     2    20
  6.9535000672799496E-01 a      1141     1    11     2     1
 -1.4034161185932842E-01 a      1142     1    11     2     2
  4.8755196001277740E-01 a      1143     1    11     2     3
 -2.9377177144989736E-01 a      1144     1    11     2     4
 -4.4232659275132556E-02 a      1145     1    11     2     5
  8.8943109626939265E-01 a      1146     1    11     2     6
 -3.2334340142789075E-01 a      1147     1    11     2     7
  5.0937383442876438E-01 a      1148     1    11     2     8
  2.4159314151477260E-01 a      1149     1    11     2     9
  2.0087505545329920E-01 a      1150     1    11     2    10
  2.3441225401243954E-01 a      1151     1    11     2    11
  1.0055294719696604E+00 a      1152     1    11     2    12
 -5.4065554082020417E-01 a      1153     1    11     2    13
 -4.2958129730679068E-01 a      1154     1    11     2    14
  1.9937181702617673E-01 a      1155     1    11     2    15
  5.8919702657554323E-03 a      1156     1    11     2    16
 -3.7934686205551466E-01 a      1157     1    11     2    17
  4.9470054946126835E-01 a      1158     1    11     2    18
  3.0067066412391097E-01 a      1159     1    11     2    19
  9.5537628828241308E-02 a      1160     1    11     2    20
  3.0705513587776390E-01 a      1161     1    12     2     1
  5.9740586430914044E-01 a      1162     1    12     2     2
  9.3715760714750851E-02 a      1163     1    12     2     3
 -1.2413825096474096E+00 a      1164     1    12     2     4
 -4.0193105841834803E-02 a      1165     1    12     2     5
 -5.2518314048476855E-01 a      1166     1    12     2     6
  2.9952338301347214E-01 a      1167     1    12     2     7
 -1.4866774621178296E-02 a      1168     1    12     2     8
 -3.4600404644331539E-01 a      1169     1    12     2     9
 -9.0092042772865299E-01 a      1170     1    12     2    10
 -5.8951837175874389E-01 a      1171     1    12     2    11
 -1.8972860232607131E-01 a      1172     1    12     2    12
 -5.5472836781710244E-01 a      1173     1    12     2    13
 -2.0724625718004191E-02 a      1174     1    12     2    14
  8.7946727479605774E-02 a      1175     1    12     2    15
  5.6979681703157647E-01 a      1176     1    12     2    16
 -4.7188672323073733E-01 a      1177     1    12     2    17
  2.0846281948480483E-01 a      1178     1    12     2    18
 -5.5976653623768424E-01 a      1179     1    12     2    19
  9.3500789735964285E-01 a      1180     1    12     2    20
 -1.6411371618716381E-01 a      1181     1    13     2     1
 -3.4772333530603841E-02 a      1182     1    13     2     2
  7.0260260803151509E-02 a      1183     1    13     2     3
  9.6195040134040433E-01 a      1184     1    13     2     4
  7.8149989943861620E-01 a      1185     1    13     2     5
 -8.0797694759344751E-01 a      1186     1    13     2     6
 -3.0214241562323680E-02 a      1187     1    13     2     7
 -3.7142737568266604E-01 a      1188     1    13     2     8
  3.1818897146205127E-01 a      1189     1    13     2     9
 -7.2773901740157765E-01 a      1190     1    13     2    10
 -7.5598108791252983E-01 a      1191     1    13     2    11
 -4.9542383406997577E-02 a      1192     1    13     2    12
  6.2450545280813763E-01 a      1193     1    13     2    13
 -7.7369262348199408E-01 a      1194     1    13     2    14
 -5.1574972648182349E-01 a      1195     1    13     2    15
  6.8241495386634599E-01 a      1196     1    13     2    16
  3.0655427086016968E-01 a      1197     1    13     2    17
  3.0789062228388425E-01 a      1198     1    13     2    18
  4.5332852164903581E-01 a      1199     1    13     2    19
 -1.5844690122352634E-01 a      1200     1    13     2    20
  5.7857039416701672E-01 a      1201     1    14     2     1
  1.1927257785114176E-01 a      1202     1    14     2     2
 -1.9107236710538375E-01 a      1203     1    14     2     3
  2.5723394278814754E-01 a      1204     1    14     2     4
  1.7997641054172595E-01 a      1205     1    14     2     5
  4.2666572321335394E-01 a      1206     1    14     2     6
  2.0656617504656719E-01 a      1207     1    14     2     7
  2.9417986643870381E-01 a      1208     1    14     2     8
 -4.2161992481967658E-01 a      1209     1    14     2     9
  3.0998868391482526E-01 a      1210     1    14     2    10
 -2.0979318091137419E-01 a      1211     1    14     2    11
  1.4664321441291467E-01 a      1212     1    14     2    12
  1.2589551613702319E+00 a      1213     1    14     2    13
 -1.5369654728835200E-01 a      1214     1    14     2    14
 -4.2183816172852340E-01 a      1215     1    14     2    15
  2.7064269350264630E-01 a      1216     1    14     2    16
 -1.2982844094796431E-01 a      1217     1    14     2    17
  5.6541222066134234E-01 a      1218     1    14     2    18
 -7.7120006538851138E-01 a      1219     1    14     2    19
  1.3213819419353806E-01 a      1220     1    14     2    20
  2.5985743617900615E-02 a      1221     1    15     2     1
  1.3902311126644576E-01 a      1222     1    15     2     2
  6.6123572402808106E-01 a      1223     1    15     2     3
 -2.3779554702545666E-01 a      1224     1    15     2     4
 -1.3675117992990887E-01 a      1225     1    15     2     5
 -3.1162393008152656E-01 a      1226     1    15     2     6
 -3.2799216413048637E-01 a      1227     1    15     2     7
 -5.9274347482554612E-01 a      1228     1    15     2     8
 -4.8911561468752190E-01 a      1229     1    15     2     9
  1.9129455478000026E-01 a      1230     1    15     2    10
 -7.9344181712216821E-01 a      1231     1    15     2    11
 -4.6901409478643553E-02 a      1232     1    15     2    12
  3.8725781644706070E-01 a      1233     1    15     2    13
 -8.1236819485218617E-02 a      1234     1    15     2    14
 -1.7120768359486210E-01 a      1235     1    15     2    15
 -5.1698971088090816E-02 a      1236     1    15     2    16
  5.3712161278176906E-01 a      1237     1    15     2    17
 -1.5284481421758489E-01 a      1238     1    15     2    18
  2.2030731730099654E-01 a      1239     1    15     2    19
 -9.0330727519556842E-01 a      1240     1    15     2    20
 -8.1420335777741959E-01 a      1241     1    16     2     1
 -1.1255103824216242E+00 a      1242     1    16     2     2
 -8.4795133978405413E-01 a      1243     1    16     2     3
  5.1428642529885396E-02 a      1244     1    16     2     4
 -3.8356220110242933E-01 a      1245     1    16     2     5
  2.0778359369369578E-01 a      1246     1    16     2     6
 -2.4959658790067946E-01 a      1247     1    16     2     7
  4.1431117826481800E-01 a      1248     1    16     2     8
  1.7308043329108433E-01 a      1249     1    16     2     9
 -6.5870342939749083E-01 a      1250     1    16     2    10
 -7.3649450438665520E-01 a      1251     1    16     2    11
  5.8490153350355312E-01 a      1252     1    16     2    12
  8.9154689923881780E-01 a      1253     1    16     2    13
  1.0170871956656374E-01 a      1254     1    16     2    14
 -4.7334454532598275E-01 a      1255     1    16     2    15
  9.0318485983651359E-02 a      1256     1    16     2    16
 -6.3870297553570443E-01 a      1257     1    16     2    17
  7.3956550066400784E-01 a      1258     1    16     2    18
 -3.2577067427480733E-01 a      1259     1    16     2    19
 -6.5213357670595384E-02 a      1260     1    16     2    20
  3.9339860753345457E-01 a      1261     1    17     2     1
  2.3970304150188171E-01 a      1262     1    17     2     2
  6.1591083978886629E-01 a      1263     1    17     2     3
 -3.2336183631629417E-01 a      1264     1    17     2     4
  2.4257156609892380E-01 a      1265     1    17     2     5
 -5.0777180126708871E-02 a      1266     1    17     2     6
 -3.4064462229072173E-01 a      1267     1    17     2     7
  4.6535421232441210E-01 a      1268     1    17     2     8
 -6.5935122166609861E-01 a      1269     1    17     2     9
  1.1407443424174674E-01 a      1270     1    17     2    10
 -5.7908006864620987E-01 a      1271     1    17     2    11
  1.2047749964261972E-01 a      1272     1    17     2    12
  3.5336565296143552E-01 a      1273     1    17     2    13
  1.5531029732271198E-01 a      1274     1    17     2    14
 -4.9074937420150538E-01 a      1275     1    17     2    15
  2.5335008835755296E-01 a      1276     1    17     2    16
 -1.5088037821465922E-01 a      1277     1    17     2    17
  1.0240022658357142E+00 a      1278     1    17     2    18
  6.7203742901441810E-01 a      1279     1    17     2    19
 -4.2924525667067442E-01 a      1280     1    17     2    20
 -9.8715315216230926E-01 a      1281     1    18     2     1
  4.7417657956423487E-01 a      1282     1    18     2     2
  7.1513797256617828E-01 a      1283     1    18     2     3
  6.2991108148062080E-01 a      1284     1    18     2     4
 -5.8686599867803824E-01 a      1285     1    18     2     5
 -5.1070827095612759E-01 a      1286     1    18     2     6
 -5.5743399892240741E-01 a      1287     1    18     2     7
  3.3358485811804423E-01 a      1288     1    18     2     8
  3.3454334990436652E-01 a      1289     1    18     2     9
  6.0031153074902088E-01 a      1290     1    18     2    10
  1.3525851129976224E-01 a      1291     1    18     2    11
 -8.5926640743196903E-01 a      1292     1    18     2    12
 -8.6013064212098866E-01 a      1293     1    18     2    13
  6.1146438774558731E-01 a      1294     1    18     2    14
  5.9352934862969298E-01 a      1295     1    18     2    15
 -3.6884575715760926E-01 a      1296     1    18     2    16
  8.3710163160434115E-01 a      1297     1    18     2    17
  6.2897095767128819E-01 a      1298     1    18     2    18
  3.4723702476312063E-01 a      1299     1    18     2    19
 -2.9971860846822307E-01 a      1300     1    18     2    20
  3.7976992943251242E-01 a      1301     1    19     2     1
  1.7648448271500269E-01 a      1302     1    19     2     2
  1.9029131363238658E-01 a      1303     1    19     2     3
 -9.0991947250288793E-02 a      1304     1    19     2     4
  7.5145908292229968E-01 a      1305     1    19     2     5
  3.4833074007989773E-01 a      1306     1    19     2     6
 -6.6876972357865594E-01 a      1307     1    19     2     7
  4.1546947488201980E-01 a      1308     1    19     2     8
  1.3449466910387128E-01 a      1309     1    19     2     9
 -3.5177745560050912E-02 a      1310     1    19     2    10
  2.0836267204272682E-01 a      1311     1    19     2    11
  2.9466121727541444E-01 a      1312     1    19     2    12
  9.1054101779114516E-01 a      1313     1    19     2    13
 -1.1157874301390598E+00 a      1314     1    19     2    14
 -1.7405213253341043E-01 a      1315     1    19     2    15
  5.0629217297300666E-01 a      1316     1    19     2    16
  4.1104050060889119E-01 a      1317     1    19     2    17
 -4.2718093597495832E-01 a      1318     1    19     2    18
  2.7343178367523707E-01 a      1319     1    19     2    19
  1.8139134896768327E-01 a      1320     1    19     2    20
  3.0073409971666160E-01 a      1321     1    20     2     1
  3.3353201794091103E-01 a      1322     1    20     2     2
  1.0877436480769962E+00 a      1323     1    20     2     3
 -4.6040093498268225E-01 a      1324     1    20     2     4
  2.7104425354693595E-02 a      1325     1    20     2     5
 -3.0062635196708953E-01 a      1326     1    20     2     6
  4.4907925149122907E-01 a      1327     1    20     2     7
  1.5482248984348926E-01 a      1328     1    20     2     8
  1.6580009578645799E-01 a      1329     1    20     2     9
 -4.8365784293059666E-01 a      1330     1    20     2    10
 -1.1899779273281727E-01 a      1331     1    20     2    11
 -1.9535059873112981E-01 a      1332     1    20     2    12
 -6.5726304643523614E-01 a      1333     1    20     2    13
  7.8005657908531767E-01 a      1334     1    20     2    14
 -1.6485840393035081E-01 a      1335     1    20     2    15
 -7.5193691562106302E-01 a      1336     1    20     2    16
 -9.3073266285269116E-02 a      1337     1    20     2    17
  2.9952190413956681E-01 a      1338     1    20     2    18
 -4.4891859422064528E-01 a      1339     1    20     2    19
  3.1468533973734791E-01 a      1340     1    20     2    20
  1.8742251489389963E+00 b      1341     2     1
 -3.6260231072354526E-01 b      1342     2     2
  1.2267914387241508E+00 b      1343     2     3
  2.8545591116100784E-03 b      1344     2     4
 -5.9517045662916424E-01 b      1345     2     5
  9.4308860662793181E-01 b      1346     2     6
  1.3639861062519727E+00 b      1347     2     7
  1.0280974119935824E+00 b      1348     2     8
  1.1564591434424036E+00 b      1349     2     9
  1.7832416769368999E+00 b      1350     2    10
 -1.1075684162284665E+00 b      1351     2    11
  2.9172790043068308E-01 b      1352     2    12
 -9.5805774403939548E-01 b      1353     2    13
  1.6418233165064573E+00 b      1354     2    14
  4.3262207347650537E-02 b      1355     2    15
  2.3785746935006546E-01 b      1356     2    16
  1.8161456531229991E+00 b      1357     2    17
 -1.7743730718880166E-01 b      1358     2    18
  3.2038161555576227E-03 b      1359     2    19
  8.2750730893534047E-02 b      1360     2    20
  1.1345977386414008E+00 a      1361     2     1     3     1
 -1.5697206018657528E+00 a      1362     2     2     3     1
  1.7812650870655449E+00 a      1363     2     3     3     1
  5.5341587032191264E-01 a      1364     2     4     3     1
 -1.1703589314176526E+00 a      1365     2     5     3     1
  9.2396265125652777E-01 a      1366     2     6     3     1
  1.5059184902946126E+00 a      1367     2     7     3     1
  1.7073736720383210E+00 a      1368     2     8     3     1
  1.1809082242411462E+00 a      1369     2     9     3     1
  2.0770748556519512E+00 a      1370     2    10     3     1
  7.8036599592247125E-02 a      1371     2    11     3     1
 -3.9200257181118403E-01 a      1372     2    12     3     1
  8.3726209438718266E-02 a      1373     2    13     3     1
  1.8480521575799709E+00 a      1374     2    14     3     1
 -1.1560425556707921E+00 a      1375     2    15     3     1
 -1.0275310203974970E+00 a      1376     2    16     3     1
  2.1545198726227772E+00 a      1377     2    17     3     1
 -3.2947995222816445E-01 a      1378     2    18     3     1
 -4.1307059024353654E-01 a      1379     2    19     3     1
  6.7083611867791482E-01 a      1380     2    20     3     1
  1.3132859621130317E+00 b      1381     3     1
