################################################################################
# Neural network connection values (weights and biases).
################################################################################
# Col  Name       Description
################################################################################
# 1    connection Neural network connection value.
# 2    t          Connection type (a = weight, b = bias).
# 3    index      Index enumerating weights.
# 4    l_s        Starting point layer (end point layer for biases).
# 5    n_s        Starting point neuron in starting layer (end point neuron for biases).
# 6    l_e        End point layer.
# 7    n_e        End point neuron in end layer.
################################################################################
#                      1 2         3     4     5     6     7
#             connection t     index   l_s   n_s   l_e   n_e
############################################################
 -6.6349585249495593E-02 a         1     0     1     1     1
  2.3617665255814416E-01 a         2     0     1     1     2
  5.3566521201920092E-01 a         3     0     1     1     3
 -1.2240612946642399E-01 a         4     0     1     1     4
  9.4747650224098701E-02 a         5     0     1     1     5
 -4.1083535351613060E-01 a         6     0     1     1     6
  3.4287014837087715E-01 a         7     0     1     1     7
 -4.5284417769607416E-01 a         8     0     1     1     8
 -1.3110380866081373E-01 a         9     0     1     1     9
  2.0288965102278611E-01 a        10     0     1     1    10
 -2.4882390870066015E-01 a        11     0     1     1    11
 -2.6745070093663287E-01 a        12     0     1     1    12
 -3.8652029291524886E-01 a        13     0     1     1    13
  4.4386314489985278E-03 a        14     0     1     1    14
 -2.8692693832722632E-01 a        15     0     1     1    15
 -4.0663055028383388E-01 a        16     0     1     1    16
  7.5362130966102647E-01 a        17     0     1     1    17
 -2.5526346069370370E-01 a        18     0     1     1    18
  4.6339086823759573E-01 a        19     0     1     1    19
 -1.8902826620809371E-01 a        20     0     1     1    20
 -2.9483398954953638E-01 a        21     0     2     1     1
  2.4833072493112651E-01 a        22     0     2     1     2
 -1.4558195613730338E-01 a        23     0     2     1     3
 -1.5010115160102677E-01 a        24     0     2     1     4
  3.0792409914947000E-01 a        25     0     2     1     5
  4.3475029894991080E-02 a        26     0     2     1     6
  1.2454375802614208E-01 a        27     0     2     1     7
 -3.6582327144958310E-01 a        28     0     2     1     8
 -5.7710066991629776E-02 a        29     0     2     1     9
  2.3604332439070050E-02 a        30     0     2     1    10
 -2.3972998608346843E-01 a        31     0     2     1    11
 -1.6220262170047864E-01 a        32     0     2     1    12
  6.0117079117488557E-02 a        33     0     2     1    13
  2.0760494161281023E-01 a        34     0     2     1    14
  3.7133878739320808E-02 a        35     0     2     1    15
 -7.5395762036459729E-02 a        36     0     2     1    16
  7.2475295539553092E-02 a        37     0     2     1    17
  1.9203238660205199E-01 a        38     0     2     1    18
  6.3896158479361720E-01 a        39     0     2     1    19
  3.1762439385460356E-01 a        40     0     2     1    20
 -3.7145489507425584E-02 a        41     0     3     1     1
 -2.7775228296823190E-01 a        42     0     3     1     2
 -6.9527043396260327E-02 a        43     0     3     1     3
 -1.8795576134191616E-01 a        44     0     3     1     4
 -3.0911706803277889E-01 a        45     0     3     1     5
 -2.9737854904277699E-02 a        46     0     3     1     6
  4.5613628861663660E-02 a        47     0     3     1     7
  7.7506358028688507E-02 a        48     0     3     1     8
 -5.9822969949076141E-02 a        49     0     3     1     9
  4.9117068186928009E-01 a        50     0     3     1    10
  1.3088504110437255E-01 a        51     0     3     1    11
  6.0987696300840499E-02 a        52     0     3     1    12
  3.8190996123943000E-01 a        53     0     3     1    13
  8.8823443309589550E-02 a        54     0     3     1    14
  5.9158288158918951E-02 a        55     0     3     1    15
 -3.1874298433304443E-01 a        56     0     3     1    16
  1.8773281987217668E-02 a        57     0     3     1    17
 -2.4512496370912623E-01 a        58     0     3     1    18
  1.8677949018319284E-01 a        59     0     3     1    19
  1.9355680249810717E-01 a        60     0     3     1    20
 -7.8505796031678399E-02 a        61     0     4     1     1
 -2.9697301711559304E-01 a        62     0     4     1     2
  1.7892078852839166E-01 a        63     0     4     1     3
  4.0171994909998848E-01 a        64     0     4     1     4
  2.8501643105500876E-02 a        65     0     4     1     5
 -2.7037191914902436E-01 a        66     0     4     1     6
  4.0223469627505039E-02 a        67     0     4     1     7
  5.7802176759143009E-01 a        68     0     4     1     8
  3.4649255787134803E-01 a        69     0     4     1     9
  2.2685065051847925E-01 a        70     0     4     1    10
  5.5827770002312294E-01 a        71     0     4     1    11
 -1.0436428674062630E-01 a        72     0     4     1    12
  8.0516320830179766E-01 a        73     0     4     1    13
  2.8095370459515173E-01 a        74     0     4     1    14
  5.4800746365369239E-02 a        75     0     4     1    15
  1.2049791771306631E-01 a        76     0     4     1    16
 -2.5245875436687604E-01 a        77     0     4     1    17
  1.3841376845790807E-01 a        78     0     4     1    18
  8.5036696958540825E-02 a        79     0     4     1    19
 -4.0298974327414437E-02 a        80     0     4     1    20
  2.4639198196789475E-01 a        81     0     5     1     1
  1.4810487245896189E-01 a        82     0     5     1     2
  1.8194936499206883E-02 a        83     0     5     1     3
  2.8046197865999450E-01 a        84     0     5     1     4
  3.6782396020811747E-01 a        85     0     5     1     5
  1.9761755136611211E-02 a        86     0     5     1     6
 -2.7764592870467164E-01 a        87     0     5     1     7
  4.5303587762547676E-01 a        88     0     5     1     8
 -1.2258069635506404E-01 a        89     0     5     1     9
 -1.6250397768814764E-01 a        90     0     5     1    10
  8.5075138461104208E-03 a        91     0     5     1    11
  1.3638858727275202E-01 a        92     0     5     1    12
 -1.1640237793066545E-01 a        93     0     5     1    13
 -5.4385231171725133E-02 a        94     0     5     1    14
 -1.5565991969126652E-01 a        95     0     5     1    15
  3.6427887644262041E-01 a        96     0     5     1    16
 -6.3548846416117591E-02 a        97     0     5     1    17
  3.0411509100066642E-01 a        98     0     5     1    18
 -6.6692679108457165E-01 a        99     0     5     1    19
  3.0514975559738239E-01 a       100     0     5     1    20
  8.1806184559366490E-01 a       101     0     6     1     1
 -2.3587031430916089E-01 a       102     0     6     1     2
  2.0000532185368397E-01 a       103     0     6     1     3
  6.8304805395450852E-01 a       104     0     6     1     4
  6.8868706515042255E-01 a       105     0     6     1     5
  3.1188896673269617E-01 a       106     0     6     1     6
 -5.2968973527061824E-01 a       107     0     6     1     7
  6.1217709753409433E-01 a       108     0     6     1     8
  1.8475401122063789E-01 a       109     0     6     1     9
  1.7254747452865027E-01 a       110     0     6     1    10
  8.0664328877055005E-02 a       111     0     6     1    11
 -2.2636223865218863E-01 a       112     0     6     1    12
 -3.2636009570889350E-02 a       113     0     6     1    13
  8.2258562153664605E-01 a       114     0     6     1    14
  3.0873175651552870E-01 a       115     0     6     1    15
  2.5001349113599930E-01 a       116     0     6     1    16
 -5.4859405702800235E-01 a       117     0     6     1    17
  1.9865585289295370E-01 a       118     0     6     1    18
 -1.1751605388013731E+00 a       119     0     6     1    19
  1.8896279918635736E-01 a       120     0     6     1    20
 -5.6420488125159152E-01 a       121     0     7     1     1
 -3.4382851506282362E-02 a       122     0     7     1     2
 -4.8305141914495253E-01 a       123     0     7     1     3
 -5.4067406165456100E-01 a       124     0     7     1     4
  9.7701979210658194E-02 a       125     0     7     1     5
 -3.4277009225567839E-02 a       126     0     7     1     6
  3.9207518371025996E-01 a       127     0     7     1     7
 -2.0942223242230582E-01 a       128     0     7     1     8
  5.6753402764390981E-01 a       129     0     7     1     9
 -2.8027150399385026E-01 a       130     0     7     1    10
  1.0156127126011307E+00 a       131     0     7     1    11
 -3.1311093059882739E-01 a       132     0     7     1    12
 -5.1407730424949061E-01 a       133     0     7     1    13
 -6.0676043534857427E-01 a       134     0     7     1    14
 -1.3333695530331764E+00 a       135     0     7     1    15
  1.7936776588857814E-01 a       136     0     7     1    16
 -3.3310126747452573E-01 a       137     0     7     1    17
  3.2886657003745406E-01 a       138     0     7     1    18
  1.8595995748063909E+00 a       139     0     7     1    19
 -8.5749345030909729E-01 a       140     0     7     1    20
  6.2508253420358026E-02 a       141     0     8     1     1
  3.8433665132201988E-01 a       142     0     8     1     2
  2.2564059842765627E-01 a       143     0     8     1     3
  2.3846232259663505E-01 a       144     0     8     1     4
 -2.1907453576419103E-01 a       145     0     8     1     5
 -1.0592343914730030E-02 a       146     0     8     1     6
  1.0647019292409220E-01 a       147     0     8     1     7
 -4.7650360975431560E-01 a       148     0     8     1     8
 -2.6332357560774400E-01 a       149     0     8     1     9
 -2.2189742149470618E-01 a       150     0     8     1    10
 -2.2131067747728289E-01 a       151     0     8     1    11
 -1.6509295874798116E-02 a       152     0     8     1    12
  2.9661328717688257E-01 a       153     0     8     1    13
  1.2036007117236656E-01 a       154     0     8     1    14
  5.8891791650060032E-01 a       155     0     8     1    15
  1.2274750150501532E-01 a       156     0     8     1    16
  1.2091897948605558E-01 a       157     0     8     1    17
 -2.6809377483313029E-01 a       158     0     8     1    18
 -6.4787723043365852E-01 a       159     0     8     1    19
  3.9111767096696101E-02 a       160     0     8     1    20
  1.0132934731202941E+00 a       161     0     9     1     1
  4.9011904437063236E-01 a       162     0     9     1     2
  1.2466411911071338E-02 a       163     0     9     1     3
  4.1464329582412501E-01 a       164     0     9     1     4
  1.2547597145915324E-02 a       165     0     9     1     5
 -1.3928832590137978E+00 a       166     0     9     1     6
 -3.9131348888889500E-01 a       167     0     9     1     7
  1.6392967586677337E-01 a       168     0     9     1     8
 -9.1145072220269144E-02 a       169     0     9     1     9
 -2.8413672889479391E-01 a       170     0     9     1    10
  5.2788606357809975E-01 a       171     0     9     1    11
 -1.1923093792109019E+00 a       172     0     9     1    12
  7.6216882929444230E-01 a       173     0     9     1    13
 -1.0985531786191074E+00 a       174     0     9     1    14
 -5.4825457304982783E-01 a       175     0     9     1    15
 -3.3754484739782287E-01 a       176     0     9     1    16
  1.3607547899623691E+00 a       177     0     9     1    17
  3.6214425606775275E-01 a       178     0     9     1    18
  3.8476641207358209E-01 a       179     0     9     1    19
  2.7398082871259843E-01 a       180     0     9     1    20
 -3.3907336367021695E-01 a       181     0    10     1     1
 -1.9384379541515587E-01 a       182     0    10     1     2
  5.4039299636080373E-01 a       183     0    10     1     3
 -1.3045093353010395E+00 a       184     0    10     1     4
 -3.9621575349774635E-01 a       185     0    10     1     5
  1.3797102210366776E+00 a       186     0    10     1     6
 -7.3347425522005669E-02 a       187     0    10     1     7
 -3.9449198575263583E-01 a       188     0    10     1     8
  2.4992214125992906E-02 a       189     0    10     1     9
  1.5272523436074040E-01 a       190     0    10     1    10
  1.0446164984081061E-01 a       191     0    10     1    11
  8.6810091742041129E-01 a       192     0    10     1    12
 -1.1338288239631549E+00 a       193     0    10     1    13
  1.6031114114277130E+00 a       194     0    10     1    14
  1.7346838248731815E+00 a       195     0    10     1    15
  5.6213965650758024E-01 a       196     0    10     1    16
 -2.3642011590742302E+00 a       197     0    10     1    17
  9.0839990133730064E-02 a       198     0    10     1    18
  9.4206817412125207E-02 a       199     0    10     1    19
 -6.4035709899923299E-01 a       200     0    10     1    20
 -6.1767732468023641E-03 a       201     0    11     1     1
  2.7363668431686100E-01 a       202     0    11     1     2
 -5.3359640650945939E-01 a       203     0    11     1     3
 -4.8034354226040527E-01 a       204     0    11     1     4
 -8.1543231025944338E-02 a       205     0    11     1     5
 -1.0328532017576215E+00 a       206     0    11     1     6
  8.5720071364924072E-02 a       207     0    11     1     7
  4.9454342513098570E-01 a       208     0    11     1     8
 -7.1819480183404705E-01 a       209     0    11     1     9
  1.9920806319762902E-01 a       210     0    11     1    10
 -1.8876420274240155E-01 a       211     0    11     1    11
  7.5072837199564013E-01 a       212     0    11     1    12
  1.9333588957239042E-01 a       213     0    11     1    13
  5.5586947596839376E-01 a       214     0    11     1    14
 -3.7979338098501736E-02 a       215     0    11     1    15
  1.9272511799809103E-02 a       216     0    11     1    16
  6.0938531482596403E-01 a       217     0    11     1    17
 -6.0205493981384817E-01 a       218     0    11     1    18
  1.1524908612015314E+00 a       219     0    11     1    19
 -6.6709849247650455E-01 a       220     0    11     1    20
  3.5889647428801352E-01 a       221     0    12     1     1
 -4.3854321637738508E-01 a       222     0    12     1     2
  6.8262278143243327E-01 a       223     0    12     1     3
  1.6037928518288793E+00 a       224     0    12     1     4
  7.7260334669902608E-01 a       225     0    12     1     5
 -8.8993264556956742E-01 a       226     0    12     1     6
 -3.4202718758449763E-01 a       227     0    12     1     7
 -9.3034231902406928E-01 a       228     0    12     1     8
  1.1174721298843813E+00 a       229     0    12     1     9
 -4.2591242917715344E-01 a       230     0    12     1    10
 -2.9730786889160116E-01 a       231     0    12     1    11
 -5.2944225352758123E-01 a       232     0    12     1    12
  1.7826736925400558E-01 a       233     0    12     1    13
 -8.5617569340222510E-01 a       234     0    12     1    14
  5.6275791931223429E-01 a       235     0    12     1    15
  4.9816689819312754E-02 a       236     0    12     1    16
 -4.8939130613282517E-01 a       237     0    12     1    17
  3.3501027127050005E-02 a       238     0    12     1    18
 -1.3108522710795185E+00 a       239     0    12     1    19
  9.9534647812464694E-01 a       240     0    12     1    20
 -2.3333554846853927E-01 a       241     0    13     1     1
  2.1496350559334285E-01 a       242     0    13     1     2
 -5.8488502822227750E-01 a       243     0    13     1     3
 -2.2361581755328644E-01 a       244     0    13     1     4
  1.9708401225977817E-01 a       245     0    13     1     5
 -2.8434574972657179E-03 a       246     0    13     1     6
  1.3402090117961207E+00 a       247     0    13     1     7
  1.7997113099556594E-01 a       248     0    13     1     8
 -6.1356432700843899E-01 a       249     0    13     1     9
  1.7534165850008757E-01 a       250     0    13     1    10
  1.9148102106786102E-01 a       251     0    13     1    11
  1.9289943562874085E-01 a       252     0    13     1    12
 -2.6238210533615708E-01 a       253     0    13     1    13
 -3.1506201130074929E-01 a       254     0    13     1    14
 -1.9032143301305582E-01 a       255     0    13     1    15
 -3.2365950915249225E-01 a       256     0    13     1    16
  5.2422845105128832E-02 a       257     0    13     1    17
 -4.4184009838704713E-01 a       258     0    13     1    18
 -6.6587894710284645E-01 a       259     0    13     1    19
 -5.6608497107644307E-01 a       260     0    13     1    20
 -1.3796420165951955E+00 a       261     0    14     1     1
 -4.6287996828272082E-01 a       262     0    14     1     2
 -3.2210357190015602E-02 a       263     0    14     1     3
  3.7070197138068381E-03 a       264     0    14     1     4
  4.0008918618987671E-02 a       265     0    14     1     5
 -1.3177978370980241E+00 a       266     0    14     1     6
  1.0551682556187295E-01 a       267     0    14     1     7
 -5.5783120191344759E-01 a       268     0    14     1     8
  7.2909664399890239E-01 a       269     0    14     1     9
  4.2560998075169804E-01 a       270     0    14     1    10
 -5.3112295032227197E-01 a       271     0    14     1    11
  2.6351945853577596E-01 a       272     0    14     1    12
  1.2372171593606109E+00 a       273     0    14     1    13
  3.7267978336936280E-01 a       274     0    14     1    14
 -5.7808568137382020E-02 a       275     0    14     1    15
 -4.3656495376043775E-01 a       276     0    14     1    16
  1.1200600654838387E-01 a       277     0    14     1    17
  6.2673668634045387E-01 a       278     0    14     1    18
  3.5832503517235864E-01 a       279     0    14     1    19
 -8.1289170908059233E-02 a       280     0    14     1    20
 -3.4044034345903484E-01 a       281     0    15     1     1
 -1.0304777890822747E-01 a       282     0    15     1     2
  3.1304421981744757E-01 a       283     0    15     1     3
  5.3644467121233808E-01 a       284     0    15     1     4
  9.9761249562289100E-02 a       285     0    15     1     5
 -7.3648219904181578E-02 a       286     0    15     1     6
  6.5600283844192586E-01 a       287     0    15     1     7
 -4.1529535470960971E-01 a       288     0    15     1     8
 -4.7319310699416273E-01 a       289     0    15     1     9
 -2.9193141060891953E-01 a       290     0    15     1    10
  9.7686726460916096E-01 a       291     0    15     1    11
  2.4591349043754809E-01 a       292     0    15     1    12
 -3.3409811858366928E-01 a       293     0    15     1    13
  5.3320992690111102E-01 a       294     0    15     1    14
  4.3137057509950683E-01 a       295     0    15     1    15
  3.1058849159630791E-01 a       296     0    15     1    16
  2.8083868934352324E-03 a       297     0    15     1    17
  9.3362129202885924E-01 a       298     0    15     1    18
  1.2252699525555499E-01 a       299     0    15     1    19
  5.2119944008930441E-01 a       300     0    15     1    20
  3.0106218189719247E-01 a       301     0    16     1     1
  2.0878257192775701E-01 a       302     0    16     1     2
  5.5423454533557581E-01 a       303     0    16     1     3
  6.7389633929579251E-02 a       304     0    16     1     4
 -3.6538719644986761E-01 a       305     0    16     1     5
 -7.6923083600098183E-02 a       306     0    16     1     6
  5.5122285977322316E-01 a       307     0    16     1     7
  1.6705130310860944E-03 a       308     0    16     1     8
 -9.6651803056187247E-01 a       309     0    16     1     9
  8.8567177559585419E-01 a       310     0    16     1    10
 -1.7268174119276522E-01 a       311     0    16     1    11
 -5.3786636415071587E-01 a       312     0    16     1    12
 -4.2880854985615185E-01 a       313     0    16     1    13
 -3.5847269386034192E-01 a       314     0    16     1    14
 -4.6604366381460866E-01 a       315     0    16     1    15
 -2.8618472850089471E-01 a       316     0    16     1    16
  3.2043594052087948E-01 a       317     0    16     1    17
 -7.4093584834118564E-01 a       318     0    16     1    18
 -1.3789783222489498E+00 a       319     0    16     1    19
  7.3506555153812259E-01 a       320     0    16     1    20
 -8.5883124292850921E-01 a       321     0    17     1     1
 -2.1474028842450160E-01 a       322     0    17     1     2
 -2.5199017890276326E-01 a       323     0    17     1     3
 -3.6846730323803895E-01 a       324     0    17     1     4
 -1.2657700705309582E-01 a       325     0    17     1     5
  3.9375721008316533E-01 a       326     0    17     1     6
 -3.4484332869345424E-01 a       327     0    17     1     7
  3.0307408890629095E-01 a       328     0    17     1     8
  1.7940960672313123E-03 a       329     0    17     1     9
 -1.0982259026503136E-01 a       330     0    17     1    10
 -7.2434029892747898E-01 a       331     0    17     1    11
  3.6915420642223457E-01 a       332     0    17     1    12
  6.8389490107759368E-02 a       333     0    17     1    13
  1.2427819020012849E+00 a       334     0    17     1    14
  4.6977989846572926E-01 a       335     0    17     1    15
  7.2442284326642001E-02 a       336     0    17     1    16
 -3.6473695334052056E-03 a       337     0    17     1    17
 -6.8664656144406522E-01 a       338     0    17     1    18
  3.5089952238119110E-01 a       339     0    17     1    19
 -1.2926476921219013E-01 a       340     0    17     1    20
  9.2283124326482313E-01 a       341     0    18     1     1
 -1.2220426726204721E-01 a       342     0    18     1     2
 -1.3661171270828237E-01 a       343     0    18     1     3
 -2.9195969703086544E-01 a       344     0    18     1     4
 -2.2788343678236736E-01 a       345     0    18     1     5
 -2.8163566479352409E-01 a       346     0    18     1     6
 -4.4896042389997692E-01 a       347     0    18     1     7
 -4.1224390934642696E-03 a       348     0    18     1     8
 -1.1268302848684725E-01 a       349     0    18     1     9
 -3.7804312911878624E-01 a       350     0    18     1    10
 -8.4828704402923893E-02 a       351     0    18     1    11
 -1.0045361384352554E+00 a       352     0    18     1    12
  5.2826954868877458E-02 a       353     0    18     1    13
 -2.2119465659918819E-01 a       354     0    18     1    14
  2.0142176438462331E-01 a       355     0    18     1    15
 -4.2202711136753174E-01 a       356     0    18     1    16
 -2.6728099830583379E-01 a       357     0    18     1    17
  1.5682850609010771E-01 a       358     0    18     1    18
 -1.0483363804999244E+00 a       359     0    18     1    19
  7.2919942561222506E-01 a       360     0    18     1    20
  3.9675312219466380E-01 a       361     0    19     1     1
  7.4083108475352266E-01 a       362     0    19     1     2
  1.7828078949274753E-01 a       363     0    19     1     3
  3.6869289637156943E-01 a       364     0    19     1     4
  4.6963975077049186E-01 a       365     0    19     1     5
  1.1139865074567956E+00 a       366     0    19     1     6
  1.7117758184830806E-01 a       367     0    19     1     7
  6.1030574671970472E-01 a       368     0    19     1     8
 -1.1573634712447159E-01 a       369     0    19     1     9
 -2.1095101465787799E-01 a       370     0    19     1    10
 -2.6755433079962421E-01 a       371     0    19     1    11
  1.2550361998466208E-01 a       372     0    19     1    12
  7.5328607134541314E-01 a       373     0    19     1    13
  4.2801994599560307E-02 a       374     0    19     1    14
  3.0031925823748823E-01 a       375     0    19     1    15
 -1.2795488853655707E-01 a       376     0    19     1    16
 -9.6967255658052642E-01 a       377     0    19     1    17
 -5.1267569936409643E-02 a       378     0    19     1    18
 -1.8574872591049001E-02 a       379     0    19     1    19
  2.5751015818469719E-01 a       380     0    19     1    20
 -6.8236297572666194E-01 a       381     0    20     1     1
  7.2818252076778978E-01 a       382     0    20     1     2
 -1.1062117510699290E+00 a       383     0    20     1     3
  4.5965489267013382E-02 a       384     0    20     1     4
 -3.4877256073857049E-01 a       385     0    20     1     5
 -1.5273651000360683E-01 a       386     0    20     1     6
  3.2785899346059777E-01 a       387     0    20     1     7
 -4.2273459926955986E-01 a       388     0    20     1     8
  2.3768054381382991E-01 a       389     0    20     1     9
  2.0914612380104294E-01 a       390     0    20     1    10
 -2.4074637890684875E-01 a       391     0    20     1    11
  4.0174584349956306E-02 a       392     0    20     1    12
 -6.0732731197165402E-01 a       393     0    20     1    13
 -7.5222098665981074E-01 a       394     0    20     1    14
 -4.5725218434624876E-01 a       395     0    20     1    15
  3.2126727426796292E-01 a       396     0    20     1    16
  2.6641338789045854E-01 a       397     0    20     1    17
 -3.2656554195900517E-01 a       398     0    20     1    18
  5.4350458786266214E-03 a       399     0    20     1    19
 -4.7918731980673440E-01 a       400     0    20     1    20
 -4.5259752770741102E-01 a       401     0    21     1     1
  3.6944760644707259E-01 a       402     0    21     1     2
  3.0132045140322028E-01 a       403     0    21     1     3
 -4.8351829372276445E-01 a       404     0    21     1     4
 -2.5989107456097965E-01 a       405     0    21     1     5
 -6.4972005533016935E-02 a       406     0    21     1     6
 -2.7628075081710879E-01 a       407     0    21     1     7
  1.7368467762639692E-01 a       408     0    21     1     8
 -3.7470881304652570E-01 a       409     0    21     1     9
 -1.9827210004202447E-01 a       410     0    21     1    10
 -1.8706792302842276E-01 a       411     0    21     1    11
 -3.2273417938876899E-02 a       412     0    21     1    12
 -9.9774809854906540E-02 a       413     0    21     1    13
 -7.6850319136915501E-01 a       414     0    21     1    14
  7.4382657403888264E-01 a       415     0    21     1    15
 -2.0751156250273339E-01 a       416     0    21     1    16
  5.5047643191905221E-02 a       417     0    21     1    17
  1.1263030583546525E+00 a       418     0    21     1    18
 -3.1220052248606617E-01 a       419     0    21     1    19
  6.5133858896224761E-01 a       420     0    21     1    20
  3.6297988013873816E-01 a       421     0    22     1     1
  5.6980605985025101E-01 a       422     0    22     1     2
  2.8687445497627773E-01 a       423     0    22     1     3
 -8.1001843423599951E-01 a       424     0    22     1     4
  2.5597513725055826E-01 a       425     0    22     1     5
  1.1802799565407021E-01 a       426     0    22     1     6
 -8.3708530522165303E-01 a       427     0    22     1     7
  3.7748474320201791E-01 a       428     0    22     1     8
 -1.5221993920861579E-01 a       429     0    22     1     9
  7.0216013212569504E-03 a       430     0    22     1    10
 -5.0852320024459829E-01 a       431     0    22     1    11
  3.0786941043540667E-01 a       432     0    22     1    12
 -5.8102579507872265E-01 a       433     0    22     1    13
  2.0499799843926278E-01 a       434     0    22     1    14
 -5.8327032141146491E-02 a       435     0    22     1    15
 -1.6088293730662914E-01 a       436     0    22     1    16
 -2.0850874169438816E-02 a       437     0    22     1    17
 -5.0058156137748244E-01 a       438     0    22     1    18
  9.7271109267393435E-02 a       439     0    22     1    19
 -8.1251454037519530E-02 a       440     0    22     1    20
 -2.0327227608108545E-01 a       441     0    23     1     1
  8.4531900817677608E-01 a       442     0    23     1     2
  5.1566857539163857E-01 a       443     0    23     1     3
  2.3734726930031658E-01 a       444     0    23     1     4
  1.8722865267318686E-02 a       445     0    23     1     5
 -4.4930449675347858E-02 a       446     0    23     1     6
  2.2369197496672041E-01 a       447     0    23     1     7
  6.0481449873580340E-01 a       448     0    23     1     8
 -8.5852115753051383E-01 a       449     0    23     1     9
 -1.6933393226064269E-02 a       450     0    23     1    10
 -1.0472588594509903E-02 a       451     0    23     1    11
  4.0256930411026931E-02 a       452     0    23     1    12
 -1.7013920271023086E-01 a       453     0    23     1    13
  8.3368067009799721E-02 a       454     0    23     1    14
  3.0496929888804097E-01 a       455     0    23     1    15
 -2.3350215601480673E-01 a       456     0    23     1    16
  5.1595816561388863E-01 a       457     0    23     1    17
  1.4381836885356700E-01 a       458     0    23     1    18
 -3.9060561014115180E-01 a       459     0    23     1    19
  2.7121964174937946E-01 a       460     0    23     1    20
  3.9104599557430181E-01 a       461     0    24     1     1
  3.6896335557250981E-01 a       462     0    24     1     2
  1.8833207594561391E-01 a       463     0    24     1     3
 -3.6530601603110291E-01 a       464     0    24     1     4
 -3.3731189568946229E-01 a       465     0    24     1     5
 -4.6152829998751410E-01 a       466     0    24     1     6
  6.5236443244093512E-01 a       467     0    24     1     7
  2.7591078152716381E-01 a       468     0    24     1     8
 -2.2288461290184586E-01 a       469     0    24     1     9
  4.6655473423829003E-01 a       470     0    24     1    10
  1.0289405910860314E+00 a       471     0    24     1    11
 -5.2069013071276060E-01 a       472     0    24     1    12
  2.7720372417215594E-01 a       473     0    24     1    13
 -4.7672971192084723E-01 a       474     0    24     1    14
  3.6613675205451063E-01 a       475     0    24     1    15
  2.4800245308930621E-03 a       476     0    24     1    16
 -1.6453694940306648E-01 a       477     0    24     1    17
 -1.6785702828795243E-01 a       478     0    24     1    18
 -1.8860949732315108E-01 a       479     0    24     1    19
 -9.9677076008906101E-02 a       480     0    24     1    20
  1.3442382549660264E-01 a       481     0    25     1     1
  6.9470814508025824E-01 a       482     0    25     1     2
  1.1095557084259191E+00 a       483     0    25     1     3
  6.0595871750315322E-01 a       484     0    25     1     4
 -1.5725807964445476E-01 a       485     0    25     1     5
  2.5433989330210094E-01 a       486     0    25     1     6
 -1.3049790373634049E+00 a       487     0    25     1     7
  7.2740540611449389E-01 a       488     0    25     1     8
 -3.1824842013998926E-02 a       489     0    25     1     9
 -2.1579813871259165E-01 a       490     0    25     1    10
 -1.0955577232931331E+00 a       491     0    25     1    11
  9.4402773084633829E-01 a       492     0    25     1    12
 -6.8906485204225842E-01 a       493     0    25     1    13
  1.2089752265658633E+00 a       494     0    25     1    14
  7.9125142928599312E-01 a       495     0    25     1    15
  2.1486102536194007E-01 a       496     0    25     1    16
  5.7633349053629912E-01 a       497     0    25     1    17
 -2.4466531898519953E-01 a       498     0    25     1    18
  2.0206888970127324E-01 a       499     0    25     1    19
  3.9915792343464312E-01 a       500     0    25     1    20
 -6.5165636435660992E-02 a       501     0    26     1     1
 -4.0518467301606953E-01 a       502     0    26     1     2
  1.0739195658514437E-01 a       503     0    26     1     3
 -6.2599324931577355E-02 a       504     0    26     1     4
  9.3469444550415545E-02 a       505     0    26     1     5
  3.1377629656513861E-01 a       506     0    26     1     6
 -8.6108805020692702E-01 a       507     0    26     1     7
 -3.7341621245348250E-01 a       508     0    26     1     8
  2.8449650225543627E-01 a       509     0    26     1     9
 -7.8118396963664460E-01 a       510     0    26     1    10
 -7.5035846454870847E-01 a       511     0    26     1    11
  5.7333175338361808E-01 a       512     0    26     1    12
 -9.8225423011542121E-02 a       513     0    26     1    13
  5.4591066065741833E-01 a       514     0    26     1    14
 -8.3345666312900316E-02 a       515     0    26     1    15
  1.2053375129166050E-01 a       516     0    26     1    16
 -6.6864845384026150E-02 a       517     0    26     1    17
  7.9747919474419615E-02 a       518     0    26     1    18
  1.5910089970053803E-01 a       519     0    26     1    19
  1.0003569646289996E-01 a       520     0    26     1    20
 -2.0783229537441505E-01 a       521     0    27     1     1
 -1.6260363761037300E+00 a       522     0    27     1     2
 -2.6900287424036884E-01 a       523     0    27     1     3
 -2.2323635616279244E-01 a       524     0    27     1     4
  2.1692744184622242E-01 a       525     0    27     1     5
  8.7175243636035182E-01 a       526     0    27     1     6
  8.2921996682573318E-01 a       527     0    27     1     7
 -3.3227289710552249E-01 a       528     0    27     1     8
  8.6383765567335680E-01 a       529     0    27     1     9
  4.9603088174608745E-01 a       530     0    27     1    10
  5.7306070346837734E-01 a       531     0    27     1    11
 -8.7643519346986209E-01 a       532     0    27     1    12
  1.1547026015837074E+00 a       533     0    27     1    13
 -5.2293459275947107E-01 a       534     0    27     1    14
 -5.2465207824531401E-01 a       535     0    27     1    15
 -1.2246698492393121E-01 a       536     0    27     1    16
 -9.2261679844500977E-01 a       537     0    27     1    17
  6.3355108219283507E-01 a       538     0    27     1    18
 -4.4995056877331030E-01 a       539     0    27     1    19
  4.7760199082562105E-01 a       540     0    27     1    20
  2.8898672255725621E-01 a       541     0    28     1     1
  5.4579320628806612E-02 a       542     0    28     1     2
 -5.1777579526452655E-01 a       543     0    28     1     3
  5.6819578228129786E-01 a       544     0    28     1     4
 -2.3621222291451784E-02 a       545     0    28     1     5
 -1.5877170530602921E-01 a       546     0    28     1     6
 -1.4866730869735070E-01 a       547     0    28     1     7
 -7.0441023779776968E-01 a       548     0    28     1     8
 -1.6593539485847869E-01 a       549     0    28     1     9
 -1.7740400599754158E-01 a       550     0    28     1    10
 -3.7940070920109387E-01 a       551     0    28     1    11
  4.0921119259255490E-01 a       552     0    28     1    12
 -4.0782855529428386E-01 a       553     0    28     1    13
 -3.3024098171547861E-01 a       554     0    28     1    14
  1.6191548255259683E-01 a       555     0    28     1    15
 -8.8742862376487330E-01 a       556     0    28     1    16
 -3.9047068156064219E-01 a       557     0    28     1    17
  3.4701761674244630E-01 a       558     0    28     1    18
 -3.2061330519346709E-01 a       559     0    28     1    19
  6.4623155175864999E-01 a       560     0    28     1    20
  3.9957363625669894E-02 a       561     0    29     1     1
 -3.4455379629386995E-01 a       562     0    29     1     2
 -1.8197860010074582E-01 a       563     0    29     1     3
 -1.1353906003085636E-02 a       564     0    29     1     4
 -2.3789185077332597E-01 a       565     0    29     1     5
  1.5531157876486773E-01 a       566     0    29     1     6
  1.1756009245303632E-01 a       567     0    29     1     7
 -5.8876568642584670E-01 a       568     0    29     1     8
 -2.4652954407870578E-01 a       569     0    29     1     9
 -1.8735125966956354E-01 a       570     0    29     1    10
 -5.5603110503050157E-01 a       571     0    29     1    11
  9.1240234526032790E-02 a       572     0    29     1    12
 -3.1717656064799299E-01 a       573     0    29     1    13
  5.4161537712136096E-02 a       574     0    29     1    14
 -2.5637033140136271E-02 a       575     0    29     1    15
 -2.6220766630438502E-01 a       576     0    29     1    16
 -4.4016760289984230E-01 a       577     0    29     1    17
 -9.7475011319961530E-02 a       578     0    29     1    18
  1.7760062477359601E-01 a       579     0    29     1    19
  4.6737403018380591E-01 a       580     0    29     1    20
 -8.4917265776797390E-01 a       581     0    30     1     1
  5.0743591587890502E-01 a       582     0    30     1     2
  4.0474876833838985E-01 a       583     0    30     1     3
 -1.6390914334985582E-01 a       584     0    30     1     4
  1.2802647410632043E-01 a       585     0    30     1     5
 -8.5811481328225991E-01 a       586     0    30     1     6
 -4.1911881641150833E-01 a       587     0    30     1     7
  4.3695783602344174E-01 a       588     0    30     1     8
  1.7305078151051634E-01 a       589     0    30     1     9
 -2.9822024230077193E-01 a       590     0    30     1    10
  1.3681708684509059E-01 a       591     0    30     1    11
 -3.7197145735834014E-01 a       592     0    30     1    12
 -4.1249857038376891E-01 a       593     0    30     1    13
 -6.7021415227281045E-01 a       594     0    30     1    14
  1.2570810123508375E-01 a       595     0    30     1    15
  4.5436871558898129E-01 a       596     0    30     1    16
  1.0851865386465929E+00 a       597     0    30     1    17
  4.4593054420304584E-01 a       598     0    30     1    18
  3.8150317863011268E-01 a       599     0    30     1    19
  3.4629039689784410E-02 a       600     0    30     1    20
 -1.0977076673708581E+00 a       601     0    31     1     1
  2.8389297349410869E-01 a       602     0    31     1     2
  7.9459266239926207E-01 a       603     0    31     1     3
 -9.1605208013588246E-01 a       604     0    31     1     4
  3.9751893940081197E-02 a       605     0    31     1     5
 -6.2771259683890301E-02 a       606     0    31     1     6
  1.8211021799464747E-01 a       607     0    31     1     7
  4.3477085248010680E-02 a       608     0    31     1     8
  4.0016771121324851E-01 a       609     0    31     1     9
  5.5650931043383389E-01 a       610     0    31     1    10
 -1.1280741426520281E-01 a       611     0    31     1    11
  3.9141104117181985E-01 a       612     0    31     1    12
 -3.8780421066054599E-01 a       613     0    31     1    13
 -2.9252929917942698E-02 a       614     0    31     1    14
  3.6590257895123329E-01 a       615     0    31     1    15
  2.6149399036942911E-01 a       616     0    31     1    16
  5.6498184130470797E-01 a       617     0    31     1    17
 -1.8609885572468504E-01 a       618     0    31     1    18
  3.2612982495722337E-01 a       619     0    31     1    19
 -1.7949067752511272E-01 a       620     0    31     1    20
  9.1602646197163862E-01 a       621     0    32     1     1
 -1.4344299727651970E+00 a       622     0    32     1     2
 -2.0673952343130420E-01 a       623     0    32     1     3
  2.9428070564376196E-02 a       624     0    32     1     4
  3.5572808638095399E-01 a       625     0    32     1     5
 -3.2367735494813121E-01 a       626     0    32     1     6
  4.7428872170160374E-01 a       627     0    32     1     7
 -9.0003477136767451E-01 a       628     0    32     1     8
 -1.8764012061758167E-01 a       629     0    32     1     9
  1.4792594213872373E-01 a       630     0    32     1    10
  2.1712852003552210E-01 a       631     0    32     1    11
 -9.0651534490606936E-02 a       632     0    32     1    12
 -3.6225505281381409E-01 a       633     0    32     1    13
  9.2208519817522677E-02 a       634     0    32     1    14
  2.0133479182602379E-01 a       635     0    32     1    15
  4.2563686127136224E-01 a       636     0    32     1    16
  6.1090646418441377E-02 a       637     0    32     1    17
 -8.2533564810524007E-01 a       638     0    32     1    18
 -1.8386310554618740E-01 a       639     0    32     1    19
 -7.2636871967718719E-01 a       640     0    32     1    20
 -4.2923499004464011E-01 a       641     0    33     1     1
  1.2133584226896320E-01 a       642     0    33     1     2
  9.2919009917541273E-01 a       643     0    33     1     3
  1.5238533968466958E-01 a       644     0    33     1     4
  5.5514169961520088E-02 a       645     0    33     1     5
  1.2591236526964422E+00 a       646     0    33     1     6
 -1.7832134965019356E-02 a       647     0    33     1     7
  8.6598228686005740E-01 a       648     0    33     1     8
  1.2611861009028580E+00 a       649     0    33     1     9
 -2.9720375751911127E-01 a       650     0    33     1    10
 -1.0124764611085131E-01 a       651     0    33     1    11
 -3.6991133874343379E-01 a       652     0    33     1    12
 -3.3584642912866275E-01 a       653     0    33     1    13
  3.6286737029719157E-01 a       654     0    33     1    14
 -8.9962997512351139E-01 a       655     0    33     1    15
 -7.7788031686940129E-01 a       656     0    33     1    16
  3.6668412216616636E-01 a       657     0    33     1    17
  1.0697912471017547E-01 a       658     0    33     1    18
  1.0348508118800154E-01 a       659     0    33     1    19
  3.1794660422572329E-01 a       660     0    33     1    20
  1.0426261340763301E-01 a       661     0    34     1     1
 -5.2230815011072196E-01 a       662     0    34     1     2
 -2.6471504486447606E-01 a       663     0    34     1     3
  5.1728742786169839E-02 a       664     0    34     1     4
 -4.6854418525688673E-03 a       665     0    34     1     5
  3.6464158948640440E-01 a       666     0    34     1     6
 -1.5550458063268574E-01 a       667     0    34     1     7
  3.9798977684644812E-02 a       668     0    34     1     8
 -6.8015329525015134E-01 a       669     0    34     1     9
 -3.5071427566526225E-01 a       670     0    34     1    10
  1.6817849559032166E-01 a       671     0    34     1    11
  1.1556960595586326E-01 a       672     0    34     1    12
  2.9928002903111139E-01 a       673     0    34     1    13
 -1.4011463596650309E-01 a       674     0    34     1    14
 -3.0839319674998422E-01 a       675     0    34     1    15
 -1.2240974906438309E-01 a       676     0    34     1    16
  5.0868877549580349E-01 a       677     0    34     1    17
  1.5873450463187297E-01 a       678     0    34     1    18
  3.5888014132614943E-02 a       679     0    34     1    19
  4.4008386938777888E-01 a       680     0    34     1    20
 -1.3807050569978110E-01 a       681     0    35     1     1
  6.2430167886385890E-02 a       682     0    35     1     2
 -3.9096239106844156E-02 a       683     0    35     1     3
  6.3275405024454986E-02 a       684     0    35     1     4
  2.1201021496678948E-01 a       685     0    35     1     5
 -1.3242485090317502E-01 a       686     0    35     1     6
 -2.5065596437968002E-01 a       687     0    35     1     7
  5.5584164474696540E-01 a       688     0    35     1     8
  7.2790431826839155E-02 a       689     0    35     1     9
  8.5863434899760102E-02 a       690     0    35     1    10
 -1.6217119460820456E-01 a       691     0    35     1    11
  7.0671793875596178E-01 a       692     0    35     1    12
  6.1827883598974331E-01 a       693     0    35     1    13
 -6.4336146592117993E-01 a       694     0    35     1    14
  5.0292094801764320E-01 a       695     0    35     1    15
  5.5285929308711190E-01 a       696     0    35     1    16
  7.7241110062023111E-01 a       697     0    35     1    17
  7.8804153919246800E-01 a       698     0    35     1    18
  7.8602212058785659E-01 a       699     0    35     1    19
  3.5074389462929750E-01 a       700     0    35     1    20
 -2.0950071707252790E-01 a       701     0    36     1     1
 -2.2904339278361580E-01 a       702     0    36     1     2
 -3.1338245191324215E-01 a       703     0    36     1     3
  5.2650005358432776E-02 a       704     0    36     1     4
 -1.4555967614275678E-01 a       705     0    36     1     5
  6.4443836583835890E-01 a       706     0    36     1     6
  2.9964808073611476E-01 a       707     0    36     1     7
  7.9153347467615626E-02 a       708     0    36     1     8
  8.1538552891131086E-02 a       709     0    36     1     9
  9.4350014606335089E-02 a       710     0    36     1    10
 -2.6352286990092683E-01 a       711     0    36     1    11
 -4.0883849722243804E-01 a       712     0    36     1    12
 -2.1022044758384126E-01 a       713     0    36     1    13
 -7.2876371661697803E-02 a       714     0    36     1    14
 -7.1432578556064705E-02 a       715     0    36     1    15
 -1.2878928913208040E-01 a       716     0    36     1    16
  1.1552247315313356E-01 a       717     0    36     1    17
 -3.1548311673944207E-01 a       718     0    36     1    18
 -2.9373273780728310E-01 a       719     0    36     1    19
 -1.7731450142722879E-01 a       720     0    36     1    20
  6.4566127611448809E-02 a       721     0    37     1     1
 -1.1128601903901125E-01 a       722     0    37     1     2
 -4.6298648653946278E-01 a       723     0    37     1     3
  1.6201329888633084E-01 a       724     0    37     1     4
 -2.8434268802298446E-01 a       725     0    37     1     5
 -7.5753959685760031E-01 a       726     0    37     1     6
 -2.0268112447067990E-01 a       727     0    37     1     7
  1.3046076801144374E-01 a       728     0    37     1     8
 -1.0553565664985363E+00 a       729     0    37     1     9
  1.2177709531482363E-01 a       730     0    37     1    10
  4.7597777919984652E-02 a       731     0    37     1    11
  3.3710163951445277E-01 a       732     0    37     1    12
  3.7781222806121756E-01 a       733     0    37     1    13
 -1.1359610325368116E-01 a       734     0    37     1    14
 -8.2077261149142447E-02 a       735     0    37     1    15
  1.4932591327045194E-01 a       736     0    37     1    16
  2.4180786612442707E-02 a       737     0    37     1    17
  3.3310103645936354E-02 a       738     0    37     1    18
  1.4041575187811431E-01 a       739     0    37     1    19
  5.4005027159905579E-02 a       740     0    37     1    20
  7.4991303370165385E-01 a       741     0    38     1     1
  4.8359534187679798E-01 a       742     0    38     1     2
  1.9319121844653087E-01 a       743     0    38     1     3
 -2.9835826977025676E-01 a       744     0    38     1     4
  5.8171213519770240E-02 a       745     0    38     1     5
  1.2200687426794150E+00 a       746     0    38     1     6
 -4.9243931357652565E-01 a       747     0    38     1     7
 -4.1321885379090367E-01 a       748     0    38     1     8
  7.7764749166413474E-02 a       749     0    38     1     9
 -1.0728674117492353E-01 a       750     0    38     1    10
  8.2123777607289405E-01 a       751     0    38     1    11
 -3.0354926682017636E-01 a       752     0    38     1    12
 -6.1387107558337817E-01 a       753     0    38     1    13
  1.5929548602508586E-01 a       754     0    38     1    14
 -1.3561105241440011E-01 a       755     0    38     1    15
 -2.2560530930943506E-01 a       756     0    38     1    16
 -6.3444685981372384E-01 a       757     0    38     1    17
 -1.2327519265675052E-01 a       758     0    38     1    18
  6.9412905002733824E-02 a       759     0    38     1    19
 -3.0569671272945209E-01 a       760     0    38     1    20
 -1.3144865580690344E+00 a       761     0    39     1     1
  3.4442263789584782E-01 a       762     0    39     1     2
  5.7716431727305251E-01 a       763     0    39     1     3
 -8.1136405588792870E-01 a       764     0    39     1     4
 -4.9780402945852442E-01 a       765     0    39     1     5
  2.7691228396444617E-01 a       766     0    39     1     6
 -1.8832920041203946E-02 a       767     0    39     1     7
  1.3911216733070306E-01 a       768     0    39     1     8
  9.3366627554603421E-01 a       769     0    39     1     9
 -3.0891808599976932E-02 a       770     0    39     1    10
  1.9583197964918486E-01 a       771     0    39     1    11
 -7.1572820009654459E-01 a       772     0    39     1    12
  4.5540616023030078E-01 a       773     0    39     1    13
  4.9237430706752856E-02 a       774     0    39     1    14
  5.2184372480172964E-02 a       775     0    39     1    15
  1.1247864619967123E+00 a       776     0    39     1    16
 -1.5797476292510004E-01 a       777     0    39     1    17
  5.4289557086246565E-01 a       778     0    39     1    18
 -5.7722634980595866E-01 a       779     0    39     1    19
  5.5376102902424340E-01 a       780     0    39     1    20
  1.0954705860288831E+00 a       781     0    40     1     1
 -4.4286923658584260E-01 a       782     0    40     1     2
  7.4629257025738560E-01 a       783     0    40     1     3
  1.3093538586063877E-01 a       784     0    40     1     4
 -2.7706526452026004E-01 a       785     0    40     1     5
  6.7502879240359148E-01 a       786     0    40     1     6
 -1.1027700001476821E+00 a       787     0    40     1     7
 -8.1796455349679401E-02 a       788     0    40     1     8
  7.9854523490853435E-01 a       789     0    40     1     9
  1.0679201759578179E+00 a       790     0    40     1    10
 -6.7353984429957914E-01 a       791     0    40     1    11
  8.3666399605561381E-01 a       792     0    40     1    12
  4.8725451025649752E-01 a       793     0    40     1    13
 -7.7988826469169859E-01 a       794     0    40     1    14
 -8.9003258019203968E-01 a       795     0    40     1    15
  8.5710072253139113E-01 a       796     0    40     1    16
 -2.7941408251527500E-01 a       797     0    40     1    17
 -9.3320372166753385E-01 a       798     0    40     1    18
 -2.7702464532648108E-01 a       799     0    40     1    19
 -1.1264655520582600E+00 a       800     0    40     1    20
  3.4760615208785606E-01 a       801     0    41     1     1
 -7.1501584446436242E-02 a       802     0    41     1     2
  5.1866658180693775E-02 a       803     0    41     1     3
  7.4926640302022271E-02 a       804     0    41     1     4
  8.2176912332143770E-01 a       805     0    41     1     5
  1.2063019774888198E-01 a       806     0    41     1     6
  6.3337829103166776E-01 a       807     0    41     1     7
 -3.2830110803985091E-01 a       808     0    41     1     8
  4.2039103732936789E-01 a       809     0    41     1     9
  3.1666990096078751E-01 a       810     0    41     1    10
  1.5778720384545214E-01 a       811     0    41     1    11
 -3.2615926837620990E-01 a       812     0    41     1    12
  2.2209593498047656E-01 a       813     0    41     1    13
  5.6869856433801635E-01 a       814     0    41     1    14
  8.3215989505155119E-01 a       815     0    41     1    15
  7.2935664295080260E-01 a       816     0    41     1    16
 -9.5667567687509891E-02 a       817     0    41     1    17
 -1.9407983115824024E-02 a       818     0    41     1    18
  1.9312958049841375E-01 a       819     0    41     1    19
 -3.0498528641649009E-01 a       820     0    41     1    20
  2.3530869800349524E-01 a       821     0    42     1     1
  7.0584805283020859E-03 a       822     0    42     1     2
 -6.8250289191490421E-01 a       823     0    42     1     3
  1.7916861353998967E-01 a       824     0    42     1     4
 -2.6895743717599685E-01 a       825     0    42     1     5
  3.1680017213879402E-01 a       826     0    42     1     6
  2.2432503561033881E-01 a       827     0    42     1     7
 -5.1335170590938162E-01 a       828     0    42     1     8
 -8.9184690641931530E-01 a       829     0    42     1     9
 -7.2173089842417926E-01 a       830     0    42     1    10
 -7.1928132345562978E-01 a       831     0    42     1    11
 -8.0377610094340513E-01 a       832     0    42     1    12
  1.2921973025844768E-01 a       833     0    42     1    13
 -2.6870072407026685E-01 a       834     0    42     1    14
 -1.3959697438395011E-01 a       835     0    42     1    15
  1.8369211055774204E-01 a       836     0    42     1    16
 -2.4004403129268639E-01 a       837     0    42     1    17
  2.0793854298411421E-02 a       838     0    42     1    18
 -2.1881378373829766E-01 a       839     0    42     1    19
  4.9881217277820339E-01 a       840     0    42     1    20
  1.3110343357610112E-03 a       841     0    43     1     1
  1.0649148975040525E+00 a       842     0    43     1     2
 -1.0039594992505876E+00 a       843     0    43     1     3
 -2.0993991430504239E-01 a       844     0    43     1     4
  9.7234251289312823E-01 a       845     0    43     1     5
 -5.5981144501534220E-02 a       846     0    43     1     6
 -6.9147426452138494E-01 a       847     0    43     1     7
  1.1063196698254720E+00 a       848     0    43     1     8
  1.2787524683890206E+00 a       849     0    43     1     9
 -2.0203208875175030E-01 a       850     0    43     1    10
  8.8612697284699804E-01 a       851     0    43     1    11
  1.0573413908808356E+00 a       852     0    43     1    12
 -9.5138370316342979E-01 a       853     0    43     1    13
  1.2428850598551957E+00 a       854     0    43     1    14
 -2.5521666829252337E-01 a       855     0    43     1    15
 -1.4522000335369903E-01 a       856     0    43     1    16
 -4.3875183682358232E-01 a       857     0    43     1    17
  4.6643543609211247E-01 a       858     0    43     1    18
  1.1166522841617695E-01 a       859     0    43     1    19
 -9.6681567370040356E-01 a       860     0    43     1    20
 -1.8127140248396987E-02 a       861     0    44     1     1
 -1.2620995967925097E-01 a       862     0    44     1     2
  5.8691116581680425E-01 a       863     0    44     1     3
  1.4726907132652331E-01 a       864     0    44     1     4
 -7.3916922346297631E-01 a       865     0    44     1     5
 -9.2942012622234838E-01 a       866     0    44     1     6
 -1.8294521973111741E-01 a       867     0    44     1     7
  5.7276010386494880E-01 a       868     0    44     1     8
 -7.4890841134280151E-01 a       869     0    44     1     9
 -3.9312888781126043E-01 a       870     0    44     1    10
  4.1110063664094776E-01 a       871     0    44     1    11
 -8.3115693482237477E-02 a       872     0    44     1    12
  3.7299122984838173E-01 a       873     0    44     1    13
  7.0699029837075636E-03 a       874     0    44     1    14
 -8.4982580264480079E-01 a       875     0    44     1    15
 -8.8276622516771186E-01 a       876     0    44     1    16
  7.8318247688637477E-01 a       877     0    44     1    17
 -1.9706678168233333E-01 a       878     0    44     1    18
  1.9023199214542100E-02 a       879     0    44     1    19
  5.3961541516166633E-01 a       880     0    44     1    20
 -7.1772961572032862E-02 a       881     0    45     1     1
 -1.4339485380793432E-01 a       882     0    45     1     2
 -8.6548474763557737E-01 a       883     0    45     1     3
 -8.3572068492001728E-01 a       884     0    45     1     4
 -4.6226060075900172E-01 a       885     0    45     1     5
 -1.9973175661773607E-01 a       886     0    45     1     6
  8.0669007916906477E-01 a       887     0    45     1     7
  1.2193540168698291E-01 a       888     0    45     1     8
  3.4140182828028937E-01 a       889     0    45     1     9
 -1.7566741942222769E-01 a       890     0    45     1    10
  1.1093843483707068E-01 a       891     0    45     1    11
  6.0504684087582850E-01 a       892     0    45     1    12
 -1.3264193422639411E-01 a       893     0    45     1    13
  6.2598111594074790E-01 a       894     0    45     1    14
 -3.6942145262113851E-01 a       895     0    45     1    15
 -8.9402762428652638E-01 a       896     0    45     1    16
 -4.4398196370799459E-01 a       897     0    45     1    17
 -5.8760513881963183E-01 a       898     0    45     1    18
  9.8804763529140349E-01 a       899     0    45     1    19
 -7.7389078264299538E-01 a       900     0    45     1    20
  2.1123655351796775E-01 a       901     0    46     1     1
 -5.0395127662790307E-01 a       902     0    46     1     2
 -1.3186488684920658E-01 a       903     0    46     1     3
  1.3103527233963930E+00 a       904     0    46     1     4
  7.5112057252823561E-01 a       905     0    46     1     5
 -8.8067595018124545E-01 a       906     0    46     1     6
  3.0218369843235637E-01 a       907     0    46     1     7
  1.9193166725207664E-01 a       908     0    46     1     8
 -2.8672901942045137E-01 a       909     0    46     1     9
  4.7519484412405599E-01 a       910     0    46     1    10
  5.9385556594263833E-01 a       911     0    46     1    11
 -9.1477684010041260E-01 a       912     0    46     1    12
  5.7728092409009468E-01 a       913     0    46     1    13
 -3.0945878776000818E-01 a       914     0    46     1    14
 -1.1116334004111769E-01 a       915     0    46     1    15
 -1.6098907070604596E-01 a       916     0    46     1    16
 -2.4729825272546613E-01 a       917     0    46     1    17
  4.2644854479955352E-01 a       918     0    46     1    18
  3.1138998058570413E-02 a       919     0    46     1    19
  2.6367733576249815E-03 a       920     0    46     1    20
  9.9188723245538046E-01 b       921     1     1
  1.3103443963931187E+00 b       922     1     2
  9.2268646157225120E-01 b       923     1     3
 -1.5259766721352566E-01 b       924     1     4
 -6.1111447221294635E-01 b       925     1     5
 -1.4406860868276614E+00 b       926     1     6
 -2.1991449182752845E-01 b       927     1     7
  9.2260650557087920E-01 b       928     1     8
  1.1577626296514296E+00 b       929     1     9
  8.9999883456858565E-01 b       930     1    10
  5.3388243896397880E-01 b       931     1    11
  2.8504853027746628E-02 b       932     1    12
  4.4305609480210750E-01 b       933     1    13
  1.7324170381859511E-01 b       934     1    14
  1.1409749082032599E+00 b       935     1    15
  5.6254455112651902E-01 b       936     1    16
 -9.4488942533955522E-01 b       937     1    17
  1.2724852921160298E-01 b       938     1    18
  5.9760826561239544E-01 b       939     1    19
  7.9815896919604046E-01 b       940     1    20
  6.5693551483558141E-02 a       941     1     1     2     1
 -2.3975213832094838E-01 a       942     1     1     2     2
  4.4742540094472283E-01 a       943     1     1     2     3
 -2.7726981654187960E-01 a       944     1     1     2     4
  7.7954823223595027E-01 a       945     1     1     2     5
  8.4468139522649380E-02 a       946     1     1     2     6
  1.6468523718566184E+00 a       947     1     1     2     7
 -1.6912368293210553E-01 a       948     1     1     2     8
  5.6651748279697611E-01 a       949     1     1     2     9
  8.4604695803941588E-02 a       950     1     1     2    10
 -9.0272873900934275E-02 a       951     1     1     2    11
  2.5324943162091068E-01 a       952     1     1     2    12
  6.2517631429982101E-01 a       953     1     1     2    13
 -4.9292149043002398E-01 a       954     1     1     2    14
 -1.4342474314712170E-02 a       955     1     1     2    15
  6.2157441143899173E-01 a       956     1     1     2    16
 -3.4422603301979138E-01 a       957     1     1     2    17
 -3.4066173498764768E-01 a       958     1     1     2    18
 -4.5748055693378759E-01 a       959     1     1     2    19
  6.6538885352383481E-01 a       960     1     1     2    20
 -3.6046590689040237E-01 a       961     1     2     2     1
 -5.2237588999489726E-01 a       962     1     2     2     2
 -7.4851287754928832E-03 a       963     1     2     2     3
  4.2521852342550565E-01 a       964     1     2     2     4
  1.1878845934782886E-01 a       965     1     2     2     5
  6.4591257889662390E-01 a       966     1     2     2     6
  4.4137828165565773E-01 a       967     1     2     2     7
  9.7948167255701810E-02 a       968     1     2     2     8
  1.7497864980190769E-01 a       969     1     2     2     9
 -2.3206188228139742E-02 a       970     1     2     2    10
  6.7981091284211106E-02 a       971     1     2     2    11
  1.7192493996001906E-01 a       972     1     2     2    12
 -2.7930709936299403E-01 a       973     1     2     2    13
 -9.4112478298216906E-01 a       974     1     2     2    14
 -4.7050105394533576E-01 a       975     1     2     2    15
  1.3521733445439197E+00 a       976     1     2     2    16
 -7.4910951407231571E-02 a       977     1     2     2    17
 -4.1411840685425499E-01 a       978     1     2     2    18
 -8.8747944059721628E-01 a       979     1     2     2    19
  4.6865251756956661E-02 a       980     1     2     2    20
 -4.5643244906759550E-01 a       981     1     3     2     1
  7.8625772268029093E-01 a       982     1     3     2     2
 -3.5909923728710980E-01 a       983     1     3     2     3
 -1.8672200444356124E-01 a       984     1     3     2     4
  4.3599681884182512E-01 a       985     1     3     2     5
 -5.4355054892924548E-01 a       986     1     3     2     6
  1.1051653708590383E+00 a       987     1     3     2     7
  3.7678210404085666E-01 a       988     1     3     2     8
  1.1827921103454955E+00 a       989     1     3     2     9
  6.0285335129610995E-01 a       990     1     3     2    10
 -8.2671256988080266E-01 a       991     1     3     2    11
  1.2284286872180479E+00 a       992     1     3     2    12
  2.0804928546652360E-01 a       993     1     3     2    13
 -1.0186420090945356E+00 a       994     1     3     2    14
 -3.7788640942881185E-01 a       995     1     3     2    15
 -2.4908980774153489E-01 a       996     1     3     2    16
  8.6914406584992429E-02 a       997     1     3     2    17
 -1.4064525789648288E-01 a       998     1     3     2    18
  7.5791094338119563E-02 a       999     1     3     2    19
  5.3426212394869022E-01 a      1000     1     3     2    20
  3.3948066701789703E-01 a      1001     1     4     2     1
 -2.0393220877606888E-01 a      1002     1     4     2     2
  1.1010725501955669E+00 a      1003     1     4     2     3
  1.1221506426251056E+00 a      1004     1     4     2     4
  2.0052727300572104E-01 a      1005     1     4     2     5
 -5.6046583242194570E-01 a      1006     1     4     2     6
  9.5670481915043382E-01 a      1007     1     4     2     7
 -3.6712930317733766E-01 a      1008     1     4     2     8
  2.5517405667087195E-01 a      1009     1     4     2     9
  3.8012132249454500E-01 a      1010     1     4     2    10
  2.4751158679579468E-02 a      1011     1     4     2    11
 -2.5321689042878309E-01 a      1012     1     4     2    12
  1.3273602315545792E+00 a      1013     1     4     2    13
 -1.0040879633920949E+00 a      1014     1     4     2    14
  1.6892967700112613E-01 a      1015     1     4     2    15
  1.1632269724992854E-01 a      1016     1     4     2    16
 -3.9197177479918355E-02 a      1017     1     4     2    17
  9.2678185631848958E-02 a      1018     1     4     2    18
 -1.1483163396586275E-01 a      1019     1     4     2    19
  6.5919328459383619E-01 a      1020     1     4     2    20
 -1.6428555952210588E-01 a      1021     1     5     2     1
 -8.5487458575910791E-01 a      1022     1     5     2     2
 -8.3779671802575539E-01 a      1023     1     5     2     3
  3.3788955576760449E-01 a      1024     1     5     2     4
 -1.4733720226936264E-01 a      1025     1     5     2     5
  4.8201917896217672E-01 a      1026     1     5     2     6
  9.2885928093654002E-01 a      1027     1     5     2     7
 -5.1345235002631572E-02 a      1028     1     5     2     8
 -1.0039778170360042E-01 a      1029     1     5     2     9
  1.0972767516703824E-01 a      1030     1     5     2    10
 -7.2884262685324952E-01 a      1031     1     5     2    11
 -2.9696071685710296E-01 a      1032     1     5     2    12
  1.5509598195130485E+00 a      1033     1     5     2    13
 -1.5580060074682847E-01 a      1034     1     5     2    14
 -5.1607684529061926E-01 a      1035     1     5     2    15
  6.3255229602819130E-01 a      1036     1     5     2    16
  1.2223178939531905E-01 a      1037     1     5     2    17
  6.6963003372806151E-01 a      1038     1     5     2    18
  3.9265775474766967E-01 a      1039     1     5     2    19
 -4.4206917775006771E-01 a      1040     1     5     2    20
 -1.9321599338486644E+00 a      1041     1     6     2     1
  3.6168664147773827E-01 a      1042     1     6     2     2
  1.9006362810140331E-01 a      1043     1     6     2     3
 -5.1796749700753986E-01 a      1044     1     6     2     4
  5.0639503878694703E-01 a      1045     1     6     2     5
 -3.9221696774416426E-01 a      1046     1     6     2     6
 -1.7139295812444113E+00 a      1047     1     6     2     7
  2.3827415536059215E-01 a      1048     1     6     2     8
 -5.3846880629724758E-01 a      1049     1     6     2     9
 -2.2588920869924148E-01 a      1050     1     6     2    10
  6.1125135657197849E-01 a      1051     1     6     2    11
 -5.0050375990072793E-01 a      1052     1     6     2    12
  2.3028937828589746E-01 a      1053     1     6     2    13
  1.6595878442960796E-01 a      1054     1     6     2    14
  5.1042461099226555E-01 a      1055     1     6     2    15
 -2.6051081925978342E-01 a      1056     1     6     2    16
 -6.6424214187364627E-01 a      1057     1     6     2    17
 -1.4255966145745245E+00 a      1058     1     6     2    18
  5.1865265977500341E-01 a      1059     1     6     2    19
  6.3235825482241903E-01 a      1060     1     6     2    20
  5.4679469841859563E-01 a      1061     1     7     2     1
  4.0300485636914019E-01 a      1062     1     7     2     2
 -2.8133603086687609E-01 a      1063     1     7     2     3
  7.6675539946353968E-02 a      1064     1     7     2     4
 -9.0664153455022256E-01 a      1065     1     7     2     5
 -4.3767301661303704E-01 a      1066     1     7     2     6
 -5.5180000362257953E-01 a      1067     1     7     2     7
  3.9643165592433832E-01 a      1068     1     7     2     8
 -4.1552096331361571E-01 a      1069     1     7     2     9
  5.6830390635593220E-01 a      1070     1     7     2    10
  1.4641844598496240E-01 a      1071     1     7     2    11
 -7.0211317013680677E-02 a      1072     1     7     2    12
  6.4487439267450530E-01 a      1073     1     7     2    13
 -2.4104817408482826E-01 a      1074     1     7     2    14
 -3.8682368895399588E-01 a      1075     1     7     2    15
 -5.6646353537288374E-01 a      1076     1     7     2    16
 -5.8316522459089326E-01 a      1077     1     7     2    17
 -9.4556622812293267E-01 a      1078     1     7     2    18
  5.0822206529194347E-01 a      1079     1     7     2    19
 -4.8781330518451538E-01 a      1080     1     7     2    20
 -1.1156391223574205E+00 a      1081     1     8     2     1
 -1.6701947123521035E-01 a      1082     1     8     2     2
 -7.8025382953741040E-01 a      1083     1     8     2     3
  5.3912389953442767E-02 a      1084     1     8     2     4
  9.1290235819715915E-01 a      1085     1     8     2     5
  6.9996535557872253E-01 a      1086     1     8     2     6
 -5.1625495909267838E-01 a      1087     1     8     2     7
 -2.5044295432905078E-01 a      1088     1     8     2     8
 -7.6561603826460234E-01 a      1089     1     8     2     9
  2.7704510187825271E-01 a      1090     1     8     2    10
  6.1534569806379558E-01 a      1091     1     8     2    11
 -1.1401244934299404E-01 a      1092     1     8     2    12
  4.2077317154774868E-01 a      1093     1     8     2    13
 -8.2717065650067489E-01 a      1094     1     8     2    14
 -3.4078756525019060E-01 a      1095     1     8     2    15
  1.9292682435378147E-01 a      1096     1     8     2    16
  1.1558918152927448E-01 a      1097     1     8     2    17
  1.4268720636182225E-01 a      1098     1     8     2    18
  6.0017842178377256E-01 a      1099     1     8     2    19
 -3.5883677694158417E-01 a      1100     1     8     2    20
 -3.0000314565212755E-01 a      1101     1     9     2     1
 -8.4504591348877278E-01 a      1102     1     9     2     2
 -4.4783420884271874E-01 a      1103     1     9     2     3
 -6.8825231811639942E-01 a      1104     1     9     2     4
 -5.9112919200266734E-01 a      1105     1     9     2     5
  1.2489408211074804E-01 a      1106     1     9     2     6
  4.7278244138565145E-01 a      1107     1     9     2     7
  2.4751190282101793E-01 a      1108     1     9     2     8
 -1.0151663423130632E+00 a      1109     1     9     2     9
 -1.2698401734762091E-01 a      1110     1     9     2    10
 -1.4555426637054386E-01 a      1111     1     9     2    11
 -4.3379601091800790E-01 a      1112     1     9     2    12
 -5.6348968348392092E-01 a      1113     1     9     2    13
  7.5183389909566378E-01 a      1114     1     9     2    14
 -1.6874724335730695E-01 a      1115     1     9     2    15
  7.0333909698384578E-01 a      1116     1     9     2    16
  3.5342878868025390E-01 a      1117     1     9     2    17
  4.6976575105301305E-01 a      1118     1     9     2    18
 -3.9133305001170721E-01 a      1119     1     9     2    19
  5.3758818389511265E-01 a      1120     1     9     2    20
 -1.7664995700306732E-01 a      1121     1    10     2     1
 -2.9836248723752967E-01 a      1122     1    10     2     2
  3.3172156982492584E-01 a      1123     1    10     2     3
 -1.4602793248665005E+00 a      1124     1    10     2     4
  2.4871261989973537E-01 a      1125     1    10     2     5
  2.5929492591561493E-01 a      1126     1    10     2     6
 -5.3104637467049287E-01 a      1127     1    10     2     7
 -4.7605618201414129E-01 a      1128     1    10     2     8
  5.6668338269621787E-01 a      1129     1    10     2     9
 -1.2030291624388048E-01 a      1130     1    10     2    10
  1.2716667771131726E-01 a      1131     1    10     2    11
 -3.6988188585932585E-01 a      1132     1    10     2    12
  6.8028272265268441E-01 a      1133     1    10     2    13
  6.0723792917973674E-01 a      1134     1    10     2    14
 -3.9435721218625075E-01 a      1135     1    10     2    15
  4.3631657717655294E-02 a      1136     1    10     2    16
  2.9405972857962775E-01 a      1137     1    10     2    17
  1.5746768429645214E-01 a      1138     1    10     2    18
  3.2447132348490976E-01 a      1139     1    10     2    19
  2.8686914133084823E-01 a      1140     1    10     2    20
 -9.8255251719980476E-03 a      1141     1    11     2     1
 -7.3328168778320171E-02 a      1142     1    11     2     2
 -5.6000834031696645E-01 a      1143     1    11     2     3
  1.2830631877879178E-01 a      1144     1    11     2     4
  3.7148146118815994E-01 a      1145     1    11     2     5
  7.7011017183089836E-02 a      1146     1    11     2     6
 -2.8029132277263352E-01 a      1147     1    11     2     7
 -1.9109939155446817E-01 a      1148     1    11     2     8
 -3.0062671722962692E-01 a      1149     1    11     2     9
  3.5906895726797167E-01 a      1150     1    11     2    10
 -3.4474047460865004E-01 a      1151     1    11     2    11
 -4.6189707268705499E-01 a      1152     1    11     2    12
 -1.0892426299288453E-01 a      1153     1    11     2    13
  1.5149601388826721E+00 a      1154     1    11     2    14
 -4.6766928685298387E-02 a      1155     1    11     2    15
 -9.6605018745880866E-01 a      1156     1    11     2    16
 -3.3479974752514419E-01 a      1157     1    11     2    17
 -7.2362202061608005E-01 a      1158     1    11     2    18
  3.9636262790848953E-01 a      1159     1    11     2    19
  4.5188285776614845E-01 a      1160     1    11     2    20
 -9.4436982378279344E-01 a      1161     1    12     2     1
  5.2460208205270209E-01 a      1162     1    12     2     2
  2.8302879967743028E-01 a      1163     1    12     2     3
  6.5650014488569852E-01 a      1164     1    12     2     4
  8.6505844665554987E-01 a      1165     1    12     2     5
  4.3317554030815503E-01 a      1166     1    12     2     6
 -6.0524763628619005E-01 a      1167     1    12     2     7
  7.4280728876894031E-01 a      1168     1    12     2     8
 -2.0233171044951767E-01 a      1169     1    12     2     9
 -4.7730994577811287E-01 a      1170     1    12     2    10
 -3.9246486095260091E-01 a      1171     1    12     2    11
 -5.8625567322206773E-01 a      1172     1    12     2    12
 -1.0553458345946086E-02 a      1173     1    12     2    13
  1.7644429055575245E-01 a      1174     1    12     2    14
  3.8308409061107357E-01 a      1175     1    12     2    15
 -4.7693372997154376E-01 a      1176     1    12     2    16
 -1.6967801689499654E-01 a      1177     1    12     2    17
 -3.0663549492392966E-01 a      1178     1    12     2    18
  5.5321342198800716E-01 a      1179     1    12     2    19
 -4.6654845535741771E-03 a      1180     1    12     2    20
  5.2506628751737638E-01 a      1181     1    13     2     1
 -4.2651075032040070E-01 a      1182     1    13     2     2
 -2.8652523454309153E-01 a      1183     1    13     2     3
  9.8517615407657678E-03 a      1184     1    13     2     4
  6.3214532302039839E-01 a      1185     1    13     2     5
 -9.0145806613001578E-01 a      1186     1    13     2     6
  2.7355658024165413E-01 a      1187     1    13     2     7
  4.8586048923962405E-01 a      1188     1    13     2     8
  1.2745919129489214E-01 a      1189     1    13     2     9
  6.7035640502316218E-01 a      1190     1    13     2    10
 -1.8049893904901063E-01 a      1191     1    13     2    11
 -3.5479138777049685E-01 a      1192     1    13     2    12
  9.0443210655729467E-01 a      1193     1    13     2    13
  1.2393542289413884E+00 a      1194     1    13     2    14
  3.8639699558385920E-01 a      1195     1    13     2    15
 -3.8369072272177324E-01 a      1196     1    13     2    16
  8.4142826878762200E-01 a      1197     1    13     2    17
  3.9890761642841421E-01 a      1198     1    13     2    18
  4.3239386654994788E-01 a      1199     1    13     2    19
 -1.6051339613983256E-01 a      1200     1    13     2    20
 -3.2620574862814111E-01 a      1201     1    14     2     1
  5.6388420883213823E-02 a      1202     1    14     2     2
  7.7632139740275385E-01 a      1203     1    14     2     3
  2.5896138263823842E-01 a      1204     1    14     2     4
 -3.5027650393959020E-01 a      1205     1    14     2     5
  1.8429058284970165E-01 a      1206     1    14     2     6
 -3.4909437898143747E-01 a      1207     1    14     2     7
 -1.5570366563907345E-01 a      1208     1    14     2     8
  3.9368171658464235E-01 a      1209     1    14     2     9
  1.0372881632013493E-01 a      1210     1    14     2    10
  4.5646000007580795E-01 a      1211     1    14     2    11
 -7.1978090813025353E-01 a      1212     1    14     2    12
  3.3818376716060128E-01 a      1213     1    14     2    13
  3.6244786960485409E-01 a      1214     1    14     2    14
 -5.6319892714154696E-01 a      1215     1    14     2    15
 -1.0458620868823025E+00 a      1216     1    14     2    16
 -1.9318019739668885E-01 a      1217     1    14     2    17
  1.2525953495529726E-01 a      1218     1    14     2    18
 -3.7274803679323570E-01 a      1219     1    14     2    19
  6.2578012204625458E-02 a      1220     1    14     2    20
 -1.0814488882730833E+00 a      1221     1    15     2     1
  1.7412195406198196E-05 a      1222     1    15     2     2
 -5.8716752041864284E-01 a      1223     1    15     2     3
  1.9616905040566304E-01 a      1224     1    15     2     4
 -6.2390326340741697E-01 a      1225     1    15     2     5
  2.6881279490455673E-01 a      1226     1    15     2     6
 -3.6799965880577407E-01 a      1227     1    15     2     7
  1.7577491726144892E-01 a      1228     1    15     2     8
  3.3813250375666404E-02 a      1229     1    15     2     9
 -5.4733600578226005E-01 a      1230     1    15     2    10
 -3.9142568458157073E-01 a      1231     1    15     2    11
  9.6252009446467934E-01 a      1232     1    15     2    12
 -2.4856544898711305E-01 a      1233     1    15     2    13
 -4.7203378843398247E-01 a      1234     1    15     2    14
 -6.2994643639652881E-01 a      1235     1    15     2    15
  2.7714914735901203E-01 a      1236     1    15     2    16
 -8.3345653103744677E-01 a      1237     1    15     2    17
  4.4374556400671894E-02 a      1238     1    15     2    18
 -9.3007184562448081E-02 a      1239     1    15     2    19
  3.6648538948189813E-01 a      1240     1    15     2    20
  4.2746769554129327E-01 a      1241     1    16     2     1
  4.2018366127840329E-01 a      1242     1    16     2     2
  8.2590175592349513E-01 a      1243     1    16     2     3
  5.5006315810958883E-01 a      1244     1    16     2     4
 -1.3727231859444514E-01 a      1245     1    16     2     5
  6.4036850717807647E-01 a      1246     1    16     2     6
 -3.2383206121678798E-01 a      1247     1    16     2     7
 -2.1503082041785676E-01 a      1248     1    16     2     8
  4.1651375585761546E-01 a      1249     1    16     2     9
  6.0585246245627533E-01 a      1250     1    16     2    10
  1.6034740601338432E-01 a      1251     1    16     2    11
  1.0722445575329545E-01 a      1252     1    16     2    12
  4.9809420891010003E-01 a      1253     1    16     2    13
  2.7742849707531358E-01 a      1254     1    16     2    14
 -2.9623911889362808E-02 a      1255     1    16     2    15
 -1.2472189939423532E+00 a      1256     1    16     2    16
 -6.5631170813577921E-01 a      1257     1    16     2    17
  1.0380981389948446E-01 a      1258     1    16     2    18
  4.3443969022683526E-01 a      1259     1    16     2    19
 -3.0602725462264707E-01 a      1260     1    16     2    20
  3.0656549202559685E-01 a      1261     1    17     2     1
  1.1178086638649608E-01 a      1262     1    17     2     2
  6.9289555861210606E-01 a      1263     1    17     2     3
  9.4259882324290234E-01 a      1264     1    17     2     4
 -9.9707025532342874E-01 a      1265     1    17     2     5
 -6.1176991959896942E-01 a      1266     1    17     2     6
  8.2992906301889924E-01 a      1267     1    17     2     7
  3.2702008288493811E-01 a      1268     1    17     2     8
  2.9291635912466601E-01 a      1269     1    17     2     9
  9.1851216550365058E-02 a      1270     1    17     2    10
 -7.8888199920716473E-01 a      1271     1    17     2    11
  1.1871609291240535E+00 a      1272     1    17     2    12
  2.7818354473559564E-01 a      1273     1    17     2    13
  2.3196272522747854E-01 a      1274     1    17     2    14
 -7.8971478609621837E-02 a      1275     1    17     2    15
  1.0531243016095446E+00 a      1276     1    17     2    16
 -3.5505446893855253E-01 a      1277     1    17     2    17
  7.5441283769656864E-02 a      1278     1    17     2    18
 -6.0135759702566494E-01 a      1279     1    17     2    19
  1.5446630158084837E-01 a      1280     1    17     2    20
  1.5523165199941380E+00 a      1281     1    18     2     1
  1.8797599444130858E-01 a      1282     1    18     2     2
  7.6178618757926220E-01 a      1283     1    18     2     3
  1.0543485993393376E+00 a      1284     1    18     2     4
  6.6917828109888033E-01 a      1285     1    18     2     5
  1.0547187326802021E+00 a      1286     1    18     2     6
 -1.2143836824310250E-01 a      1287     1    18     2     7
  2.3045928822949677E-01 a      1288     1    18     2     8
  1.8845922891455768E-02 a      1289     1    18     2     9
  1.0046808392051076E+00 a      1290     1    18     2    10
 -2.7601372141301767E-01 a      1291     1    18     2    11
 -1.2311883636187287E-01 a      1292     1    18     2    12
  1.9865358142743783E-01 a      1293     1    18     2    13
  1.2878264399986475E-01 a      1294     1    18     2    14
 -1.1802987964807886E-01 a      1295     1    18     2    15
 -3.2054155132761369E-01 a      1296     1    18     2    16
  3.6428107447713415E-01 a      1297     1    18     2    17
 -4.2335199162837489E-01 a      1298     1    18     2    18
 -3.8383756687156567E-01 a      1299     1    18     2    19
  7.1333700658285548E-01 a      1300     1    18     2    20
 -4.5844657146738177E-01 a      1301     1    19     2     1
 -1.5429715700877475E-01 a      1302     1    19     2     2
 -1.1048882432430279E-01 a      1303     1    19     2     3
  4.7641887085552331E-01 a      1304     1    19     2     4
 -3.3283774736997174E-01 a      1305     1    19     2     5
 -4.3591557653086022E-01 a      1306     1    19     2     6
 -7.0872182491190105E-01 a      1307     1    19     2     7
 -3.5178300108235777E-02 a      1308     1    19     2     8
 -2.5453025449087968E-01 a      1309     1    19     2     9
 -4.1600470580753890E-01 a      1310     1    19     2    10
  3.2912884603721598E-01 a      1311     1    19     2    11
 -3.1878274415271463E-01 a      1312     1    19     2    12
 -5.5607440399733032E-01 a      1313     1    19     2    13
 -6.0073015903439964E-01 a      1314     1    19     2    14
 -3.9453332359302551E-01 a      1315     1    19     2    15
 -3.2233303216674158E-01 a      1316     1    19     2    16
  2.9996330739773158E-02 a      1317     1    19     2    17
 -3.3183114823799292E-01 a      1318     1    19     2    18
  3.6771312132802336E-01 a      1319     1    19     2    19
 -5.1945425834420456E-01 a      1320     1    19     2    20
 -6.9576243599532461E-01 a      1321     1    20     2     1
 -3.6308918900604437E-01 a      1322     1    20     2     2
 -1.5604347798962248E-01 a      1323     1    20     2     3
  5.3481186282199022E-01 a      1324     1    20     2     4
  3.1491025372539033E-01 a      1325     1    20     2     5
 -3.0424774097969526E-01 a      1326     1    20     2     6
  6.1939624625385070E-01 a      1327     1    20     2     7
 -2.1052469613218791E-01 a      1328     1    20     2     8
 -3.2662975390775428E-01 a      1329     1    20     2     9
 -4.2183461238230230E-01 a      1330     1    20     2    10
 -2.6067521109547498E-01 a      1331     1    20     2    11
  2.0384074824570944E-01 a      1332     1    20     2    12
  8.6291387500157541E-03 a      1333     1    20     2    13
 -2.1088225920887477E-01 a      1334     1    20     2    14
 -1.9326364190332304E-01 a      1335     1    20     2    15
  6.4493064642734943E-01 a      1336     1    20     2    16
  6.4125278267299435E-01 a      1337     1    20     2    17
  1.9194038617475839E-01 a      1338     1    20     2    18
  3.8931818676111096E-01 a      1339     1    20     2    19
 -2.3590485466056499E-01 a      1340     1    20     2    20
  6.2805891199447439E-01 b      1341     2     1
 -1.5570087829319714E+00 b      1342     2     2
 -1.2906268769992340E+00 b      1343     2     3
 -1.5642768391870451E-02 b      1344     2     4
  1.4383179912846096E+00 b      1345     2     5
  9.4893175353787018E-01 b      1346     2     6
 -8.1897626669672885E-01 b      1347     2     7
 -9.1102117421974771E-02 b      1348     2     8
  1.3519908425805531E+00 b      1349     2     9
  1.9184980776439642E-01 b      1350     2    10
 -5.7070370566873685E-01 b      1351     2    11
 -5.9794879353306529E-01 b      1352     2    12
 -1.0887460710827233E+00 b      1353     2    13
  8.0074535020701021E-01 b      1354     2    14
 -1.3738093507001343E+00 b      1355     2    15
 -1.3885089082082418E+00 b      1356     2    16
 -1.0543060191735281E+00 b      1357     2    17
 -2.1052250030063280E+00 b      1358     2    18
  1.8665912125962751E+00 b      1359     2    19
  7.1101036988876809E-01 b      1360     2    20
  3.0904919145199011E-01 a      1361     2     1     3     1
 -1.7777721260503574E+00 a      1362     2     2     3     1
 -1.3486402674893589E+00 a      1363     2     3     3     1
  2.6548758960111479E-01 a      1364     2     4     3     1
  1.8637859794368425E+00 a      1365     2     5     3     1
 -2.8654851917198487E-01 a      1366     2     6     3     1
 -8.4163784828924892E-01 a      1367     2     7     3     1
 -5.8768907819649918E-01 a      1368     2     8     3     1
  1.8324102159486666E+00 a      1369     2     9     3     1
  3.7547458048388677E-01 a      1370     2    10     3     1
 -7.9988338933348990E-01 a      1371     2    11     3     1
 -2.9875047715422093E-01 a      1372     2    12     3     1
  2.6498582700369705E-01 a      1373     2    13     3     1
 -1.2857812303623281E-01 a      1374     2    14     3     1
 -9.4351421691746835E-03 a      1375     2    15     3     1
  2.4687808936779504E-01 a      1376     2    16     3     1
 -2.0065010779656658E-01 a      1377     2    17     3     1
 -3.0863968451104185E-01 a      1378     2    18     3     1
  8.1669792460429858E-01 a      1379     2    19     3     1
  9.8453545430644163E-01 a      1380     2    20     3     1
  1.6396205524490584E+00 b      1381     3     1
