################################################################################
# Neural network connection values (weights and biases).
################################################################################
# Col  Name       Description
################################################################################
# 1    connection Neural network connection value.
# 2    t          Connection type (a = weight, b = bias).
# 3    index      Index enumerating weights.
# 4    l_s        Starting point layer (end point layer for biases).
# 5    n_s        Starting point neuron in starting layer (end point neuron for biases).
# 6    l_e        End point layer.
# 7    n_e        End point neuron in end layer.
################################################################################
#                      1 2         3     4     5     6     7
#             connection t     index   l_s   n_s   l_e   n_e
############################################################
  2.3161775579128593E-01 a         1     0     1     1     1
 -4.8310533664799821E-01 a         2     0     1     1     2
  4.8578290652181189E-01 a         3     0     1     1     3
 -6.8183065676729271E-01 a         4     0     1     1     4
  4.4488907681718676E-01 a         5     0     1     1     5
  3.9829359256346308E-01 a         6     0     1     1     6
 -1.1325258388435031E-01 a         7     0     1     1     7
 -1.2965000033387256E-01 a         8     0     1     1     8
  1.3561496760323274E-01 a         9     0     1     1     9
 -2.1048123855833753E-02 a        10     0     1     1    10
 -3.2313533719927867E-01 a        11     0     1     1    11
  1.0079361616055613E-01 a        12     0     1     1    12
  3.2314113983874715E-01 a        13     0     1     1    13
 -5.7950996082090067E-01 a        14     0     1     1    14
 -7.1949187290901351E-01 a        15     0     1     1    15
  3.8749311525244673E-01 a        16     0     1     1    16
  2.5013739904966159E-01 a        17     0     1     1    17
 -2.2316002882199881E-01 a        18     0     1     1    18
  1.4067669009333997E-01 a        19     0     1     1    19
 -1.7420425480292506E-01 a        20     0     1     1    20
  2.0558648389580915E-02 a        21     0     2     1     1
  9.2994742615048684E-02 a        22     0     2     1     2
  1.4309884656362112E-01 a        23     0     2     1     3
 -1.2940525879665629E-01 a        24     0     2     1     4
  6.8699493818824464E-01 a        25     0     2     1     5
 -1.7504814074534300E-01 a        26     0     2     1     6
 -2.5037918693541165E-02 a        27     0     2     1     7
  8.1696836872001577E-02 a        28     0     2     1     8
  1.1661682505290873E-01 a        29     0     2     1     9
 -3.4928382870208169E-01 a        30     0     2     1    10
 -1.7062726723402011E-01 a        31     0     2     1    11
 -1.4413482235001365E-01 a        32     0     2     1    12
  2.7934601697036365E-01 a        33     0     2     1    13
 -8.5452875819444149E-02 a        34     0     2     1    14
 -3.3622265565237974E-01 a        35     0     2     1    15
  4.6812167809090688E-01 a        36     0     2     1    16
 -1.1676818500097934E-02 a        37     0     2     1    17
 -8.5861814564991250E-03 a        38     0     2     1    18
  3.6943255611486238E-02 a        39     0     2     1    19
 -3.2400683586159618E-01 a        40     0     2     1    20
  3.2569881112419824E-01 a        41     0     3     1     1
  1.8316503753332494E-01 a        42     0     3     1     2
 -1.8871138905086571E-01 a        43     0     3     1     3
 -3.7692766151286039E-01 a        44     0     3     1     4
 -1.7473612609798231E-01 a        45     0     3     1     5
 -1.2591974883745749E-01 a        46     0     3     1     6
  2.0541702208910406E-01 a        47     0     3     1     7
 -1.9644819264683169E-01 a        48     0     3     1     8
  1.8268402429989847E-01 a        49     0     3     1     9
  7.0965889011571456E-02 a        50     0     3     1    10
 -1.9340074810733160E-01 a        51     0     3     1    11
 -4.3827949594810560E-02 a        52     0     3     1    12
  1.2750366412703920E-01 a        53     0     3     1    13
 -2.6172652694202841E-01 a        54     0     3     1    14
 -3.4714238222884131E-01 a        55     0     3     1    15
 -1.8329297281323123E-01 a        56     0     3     1    16
  3.7893051096575242E-01 a        57     0     3     1    17
  2.5655561148522704E-01 a        58     0     3     1    18
 -3.7148663061361153E-01 a        59     0     3     1    19
  2.7529370664146141E-01 a        60     0     3     1    20
  8.6479046582985247E-02 a        61     0     4     1     1
 -3.3484139818139733E-02 a        62     0     4     1     2
 -3.1201066859910659E-01 a        63     0     4     1     3
 -3.2367419075423759E-01 a        64     0     4     1     4
 -5.3842049677270043E-01 a        65     0     4     1     5
 -1.2224254203125480E-01 a        66     0     4     1     6
  1.4525643190886428E-01 a        67     0     4     1     7
 -3.4616086415530667E-01 a        68     0     4     1     8
 -5.8087471265186770E-02 a        69     0     4     1     9
  3.9750055243501592E-01 a        70     0     4     1    10
  2.0050927695300837E-02 a        71     0     4     1    11
 -3.4331748674667190E-01 a        72     0     4     1    12
 -9.3794745028171953E-04 a        73     0     4     1    13
  3.6640253870303163E-01 a        74     0     4     1    14
 -3.5148411352363379E-02 a        75     0     4     1    15
 -1.5324450843023024E-01 a        76     0     4     1    16
  2.1498821011883495E-01 a        77     0     4     1    17
  1.4610731915316952E-01 a        78     0     4     1    18
  2.1457271421426932E-01 a        79     0     4     1    19
 -4.7333861349030532E-02 a        80     0     4     1    20
 -2.8697744446576318E-01 a        81     0     5     1     1
 -9.9563144051820832E-03 a        82     0     5     1     2
 -1.4596111694272240E-01 a        83     0     5     1     3
  2.8276585632221435E-01 a        84     0     5     1     4
 -5.2406648876136863E-01 a        85     0     5     1     5
 -8.3912979975540203E-02 a        86     0     5     1     6
 -2.9664102673640946E-01 a        87     0     5     1     7
  3.8093966103905191E-01 a        88     0     5     1     8
 -8.5279500683170983E-01 a        89     0     5     1     9
 -5.5822458914171591E-01 a        90     0     5     1    10
 -5.5539628048174039E-01 a        91     0     5     1    11
  2.0168960493402541E-04 a        92     0     5     1    12
 -2.4085338773024190E-01 a        93     0     5     1    13
  7.1381699482809202E-02 a        94     0     5     1    14
  6.0614154607826398E-01 a        95     0     5     1    15
 -6.8147505934999741E-01 a        96     0     5     1    16
 -1.9662476715776092E-01 a        97     0     5     1    17
  4.6179853596810461E-01 a        98     0     5     1    18
  3.2713323546103740E-01 a        99     0     5     1    19
  3.8711455190913946E-01 a       100     0     5     1    20
  1.1922468001428471E-01 a       101     0     6     1     1
  6.8289669849032386E-01 a       102     0     6     1     2
  8.5853267933305184E-03 a       103     0     6     1     3
  7.7495486710368142E-02 a       104     0     6     1     4
 -9.4813961040332528E-01 a       105     0     6     1     5
  2.1895562579123333E-02 a       106     0     6     1     6
  3.4636988427212251E-01 a       107     0     6     1     7
  1.4737447759371602E-01 a       108     0     6     1     8
 -1.9043630134358442E+00 a       109     0     6     1     9
 -4.5456610282139332E-03 a       110     0     6     1    10
 -2.5372044653369374E-01 a       111     0     6     1    11
 -4.7230030839027415E-01 a       112     0     6     1    12
 -8.3237770519975052E-01 a       113     0     6     1    13
  1.5199587507786608E-01 a       114     0     6     1    14
  1.2401813027449196E+00 a       115     0     6     1    15
 -2.8283201691524029E-01 a       116     0     6     1    16
 -2.4906057023225572E-01 a       117     0     6     1    17
  1.5570489377546384E-01 a       118     0     6     1    18
  4.4519969731048425E-01 a       119     0     6     1    19
  2.7206775568442582E-01 a       120     0     6     1    20
 -1.3850050089260177E-02 a       121     0     7     1     1
 -8.8022912387658725E-01 a       122     0     7     1     2
 -1.7827514404725708E-01 a       123     0     7     1     3
  7.6928441301709549E-01 a       124     0     7     1     4
  8.6983181406698595E-01 a       125     0     7     1     5
 -3.9949679185303910E-01 a       126     0     7     1     6
  2.0196790876576701E-01 a       127     0     7     1     7
  1.5084059721565690E-01 a       128     0     7     1     8
  1.6179314355852146E+00 a       129     0     7     1     9
  1.1073162217315642E-01 a       130     0     7     1    10
 -1.3642014415921117E-01 a       131     0     7     1    11
 -1.6024802886717709E-01 a       132     0     7     1    12
  9.0345564880066997E-01 a       133     0     7     1    13
  2.5436625654222650E-01 a       134     0     7     1    14
 -9.9748497154550997E-01 a       135     0     7     1    15
 -1.4630478500050448E-01 a       136     0     7     1    16
  5.1439973820604168E-01 a       137     0     7     1    17
 -5.2932726545334918E-01 a       138     0     7     1    18
 -3.3277246646806202E-01 a       139     0     7     1    19
  6.4684118899652965E-01 a       140     0     7     1    20
  2.0269668363047130E-01 a       141     0     8     1     1
  2.8904162333491951E-01 a       142     0     8     1     2
 -6.7031821104342704E-01 a       143     0     8     1     3
 -4.9633830762740022E-01 a       144     0     8     1     4
 -1.6151132808141391E-01 a       145     0     8     1     5
  1.4784053870905231E-01 a       146     0     8     1     6
 -1.1937151701893424E-01 a       147     0     8     1     7
 -3.8069175270835443E-01 a       148     0     8     1     8
 -5.1487105305339442E-01 a       149     0     8     1     9
  1.5490377912864897E-01 a       150     0     8     1    10
  2.8130494203402701E-01 a       151     0     8     1    11
  2.8793845404398631E-02 a       152     0     8     1    12
 -1.6860902168725853E-01 a       153     0     8     1    13
 -1.3870193131184338E-01 a       154     0     8     1    14
  1.5355848469326651E-03 a       155     0     8     1    15
  6.7102934007556114E-01 a       156     0     8     1    16
 -2.4554792065512113E-01 a       157     0     8     1    17
  2.8917323490737912E-01 a       158     0     8     1    18
  2.8289730271101365E-01 a       159     0     8     1    19
 -3.6789895880497803E-01 a       160     0     8     1    20
  4.9346213304237624E-01 a       161     0     9     1     1
  3.6976878744259339E-01 a       162     0     9     1     2
  4.8542710361422148E-01 a       163     0     9     1     3
 -9.5066047573480361E-02 a       164     0     9     1     4
  9.4711456773779457E-02 a       165     0     9     1     5
  3.8417994580261455E-01 a       166     0     9     1     6
 -3.0608930010709419E-02 a       167     0     9     1     7
  8.7447577270790711E-01 a       168     0     9     1     8
 -2.6186388330508872E+00 a       169     0     9     1     9
  6.1793569908905902E-02 a       170     0     9     1    10
 -9.5438119443705411E-03 a       171     0     9     1    11
  5.3433741978887772E-01 a       172     0     9     1    12
 -2.7094068863822518E-01 a       173     0     9     1    13
 -2.5166265122349152E-01 a       174     0     9     1    14
  5.1196000125953919E-02 a       175     0     9     1    15
  7.8078148758383914E-01 a       176     0     9     1    16
  8.3320588025723075E-01 a       177     0     9     1    17
  3.2700680863406506E-01 a       178     0     9     1    18
  9.0936510442788199E-01 a       179     0     9     1    19
 -9.5954833241638871E-01 a       180     0     9     1    20
 -3.1811793354445783E-01 a       181     0    10     1     1
 -2.9163062548447671E-01 a       182     0    10     1     2
 -1.0728136627798908E+00 a       183     0    10     1     3
  1.7942642548521504E-01 a       184     0    10     1     4
 -1.7426580427832394E-01 a       185     0    10     1     5
 -6.4578100058406329E-01 a       186     0    10     1     6
 -9.2979754033687290E-01 a       187     0    10     1     7
 -2.3777546968019534E+00 a       188     0    10     1     8
  2.9012005816586877E+00 a       189     0    10     1     9
  4.6153572727139866E-02 a       190     0    10     1    10
 -8.7495884955380721E-01 a       191     0    10     1    11
 -1.3468354729743606E-01 a       192     0    10     1    12
 -3.0137446400570544E-01 a       193     0    10     1    13
  8.4128861257511767E-01 a       194     0    10     1    14
  6.9403427728378453E-01 a       195     0    10     1    15
 -1.0867680271180786E+00 a       196     0    10     1    16
 -1.1182463819244675E+00 a       197     0    10     1    17
 -2.8007871293215519E-01 a       198     0    10     1    18
 -1.5282608346598330E+00 a       199     0    10     1    19
  7.6342579179680692E-01 a       200     0    10     1    20
  4.3141277674395778E-01 a       201     0    11     1     1
 -1.9185613644600444E-01 a       202     0    11     1     2
  1.3418230957523896E+00 a       203     0    11     1     3
  1.0267401327074405E-01 a       204     0    11     1     4
 -4.7215073594076368E-01 a       205     0    11     1     5
 -4.2191433139248158E-01 a       206     0    11     1     6
  8.9589275938363178E-01 a       207     0    11     1     7
  1.6327944617766137E+00 a       208     0    11     1     8
  5.6309694982988467E-01 a       209     0    11     1     9
  1.0644074855390255E-01 a       210     0    11     1    10
  4.5522026635141422E-01 a       211     0    11     1    11
 -1.0424840266622004E+00 a       212     0    11     1    12
  2.6989722186500698E-01 a       213     0    11     1    13
  3.0992954389243410E-01 a       214     0    11     1    14
 -1.1553128061756877E+00 a       215     0    11     1    15
 -3.9108321227854882E-02 a       216     0    11     1    16
  1.0115831143197641E-01 a       217     0    11     1    17
  1.8463742645069720E-01 a       218     0    11     1    18
  2.0675982360157559E-02 a       219     0    11     1    19
 -4.5347341192922122E-02 a       220     0    11     1    20
  4.1644285837800715E-01 a       221     0    12     1     1
  2.2534059888332600E-01 a       222     0    12     1     2
 -2.6351402042284683E-01 a       223     0    12     1     3
  1.4823615891968012E-01 a       224     0    12     1     4
  1.0396627460172672E+00 a       225     0    12     1     5
  6.8700323602379898E-01 a       226     0    12     1     6
 -7.5091390034382727E-02 a       227     0    12     1     7
 -1.5040157560467013E+00 a       228     0    12     1     8
 -1.1992566130331701E+00 a       229     0    12     1     9
 -4.5676758791402167E-01 a       230     0    12     1    10
 -1.2691927307448713E-02 a       231     0    12     1    11
  5.5243820308048019E-01 a       232     0    12     1    12
  1.4842713008469116E-01 a       233     0    12     1    13
 -1.0978237909195763E+00 a       234     0    12     1    14
  5.7300991996607153E-01 a       235     0    12     1    15
  6.5498876283592966E-01 a       236     0    12     1    16
 -4.5435473814919558E-01 a       237     0    12     1    17
 -1.8457614230145136E-01 a       238     0    12     1    18
  5.5682966794522359E-01 a       239     0    12     1    19
 -2.0823502720273757E-01 a       240     0    12     1    20
 -6.0279249466025164E-01 a       241     0    13     1     1
  6.0631087308394095E-02 a       242     0    13     1     2
 -2.1646057463426113E-01 a       243     0    13     1     3
  9.2463191635377390E-02 a       244     0    13     1     4
 -2.5270784509143968E-01 a       245     0    13     1     5
  3.7261867841264555E-02 a       246     0    13     1     6
  9.9535697351944508E-02 a       247     0    13     1     7
  9.0956247830034009E-01 a       248     0    13     1     8
 -3.7660154134865570E-01 a       249     0    13     1     9
  4.5970458046937135E-01 a       250     0    13     1    10
  5.8297150143314014E-01 a       251     0    13     1    11
  4.1880104548720987E-01 a       252     0    13     1    12
  6.5877010453945273E-01 a       253     0    13     1    13
 -1.2383752612106211E-01 a       254     0    13     1    14
 -4.2015403980368698E-01 a       255     0    13     1    15
 -2.0660078124326489E-01 a       256     0    13     1    16
 -4.6374917258036615E-02 a       257     0    13     1    17
  2.3318274096030941E-01 a       258     0    13     1    18
 -3.5968145326191969E-01 a       259     0    13     1    19
 -2.2060513133635981E-01 a       260     0    13     1    20
  2.9742877132876733E-01 a       261     0    14     1     1
 -5.4853837169102393E-01 a       262     0    14     1     2
  6.7070204232206010E-01 a       263     0    14     1     3
 -5.8290668453008909E-01 a       264     0    14     1     4
 -2.5630079596344219E-01 a       265     0    14     1     5
 -3.3579918520669033E-01 a       266     0    14     1     6
  1.0000284957176551E-01 a       267     0    14     1     7
  3.9717621209813475E-01 a       268     0    14     1     8
  3.4137329821209722E-01 a       269     0    14     1     9
  3.3342431864206754E-02 a       270     0    14     1    10
  4.9467569695187291E-01 a       271     0    14     1    11
 -1.7783408804639605E-01 a       272     0    14     1    12
  1.0936844928622061E-01 a       273     0    14     1    13
 -4.4204708762172744E-02 a       274     0    14     1    14
 -3.8256242406304614E-01 a       275     0    14     1    15
  7.4574246095202212E-01 a       276     0    14     1    16
  9.5299884354258890E-01 a       277     0    14     1    17
  1.6477729320058723E-01 a       278     0    14     1    18
  7.1267599344860100E-01 a       279     0    14     1    19
  5.6310806847960027E-01 a       280     0    14     1    20
 -3.1517279271888859E-01 a       281     0    15     1     1
 -9.2376402526052248E-01 a       282     0    15     1     2
 -7.8400529588782436E-02 a       283     0    15     1     3
 -5.7861200701749660E-02 a       284     0    15     1     4
  4.7372052145575050E-01 a       285     0    15     1     5
 -2.2781540915694498E-01 a       286     0    15     1     6
 -1.8163772339073259E-01 a       287     0    15     1     7
  3.4782069286931727E-01 a       288     0    15     1     8
 -8.8396317079484121E-01 a       289     0    15     1     9
  7.6465324166747239E-01 a       290     0    15     1    10
 -2.9126172110960619E-01 a       291     0    15     1    11
  1.2232082294133816E-01 a       292     0    15     1    12
  1.7630549190916348E-01 a       293     0    15     1    13
 -9.2621081750223669E-02 a       294     0    15     1    14
  2.7627050326289521E-01 a       295     0    15     1    15
  2.0368516408197654E-01 a       296     0    15     1    16
 -2.7398249397976354E-01 a       297     0    15     1    17
  4.1788992670620126E-02 a       298     0    15     1    18
 -1.8625974990172570E-01 a       299     0    15     1    19
  8.1215803385821816E-01 a       300     0    15     1    20
 -8.8320650257061273E-01 a       301     0    16     1     1
  7.6956309801779399E-01 a       302     0    16     1     2
 -7.9913063559528763E-01 a       303     0    16     1     3
 -3.4174150394979091E-02 a       304     0    16     1     4
 -8.4419735428565890E-01 a       305     0    16     1     5
  2.7301515901248313E-01 a       306     0    16     1     6
 -2.1694880356172627E-01 a       307     0    16     1     7
  9.6433859504641325E-02 a       308     0    16     1     8
 -1.2579746193432413E+00 a       309     0    16     1     9
 -2.2793173683885184E-01 a       310     0    16     1    10
 -1.8689717020263413E-01 a       311     0    16     1    11
  6.2700907222479974E-01 a       312     0    16     1    12
  1.9522299001888496E-01 a       313     0    16     1    13
  2.5418056998897209E-02 a       314     0    16     1    14
  1.6488661298456991E-01 a       315     0    16     1    15
 -5.0143984473949887E-01 a       316     0    16     1    16
 -4.4320015577214550E-01 a       317     0    16     1    17
 -3.6552877658097886E-02 a       318     0    16     1    18
 -3.8558777953655038E-01 a       319     0    16     1    19
 -1.0208925909810072E+00 a       320     0    16     1    20
 -5.1696580196498398E-01 a       321     0    17     1     1
  4.2226782559107107E-01 a       322     0    17     1     2
  5.8833344788314479E-01 a       323     0    17     1     3
  1.2664329767677965E-01 a       324     0    17     1     4
 -2.0187194499137043E-01 a       325     0    17     1     5
  1.6519439654807399E-04 a       326     0    17     1     6
  6.2752681541646371E-01 a       327     0    17     1     7
  9.4157582837643680E-02 a       328     0    17     1     8
  1.0620131658330070E+00 a       329     0    17     1     9
 -2.4928822251859223E-01 a       330     0    17     1    10
  5.7929054379076650E-01 a       331     0    17     1    11
 -6.5678150446035832E-01 a       332     0    17     1    12
  4.8936448456153338E-02 a       333     0    17     1    13
  4.7890201562500095E-01 a       334     0    17     1    14
 -3.4084122215905799E-01 a       335     0    17     1    15
 -3.4193142394818948E-01 a       336     0    17     1    16
  8.4276176915514700E-01 a       337     0    17     1    17
 -1.1961523715891018E-01 a       338     0    17     1    18
  4.8591692441401141E-01 a       339     0    17     1    19
  1.7821532906213611E-01 a       340     0    17     1    20
 -1.4121113208194314E-01 a       341     0    18     1     1
  5.6113061334754488E-01 a       342     0    18     1     2
 -3.1034297713655074E-01 a       343     0    18     1     3
 -3.3457313014707862E-01 a       344     0    18     1     4
  4.9041192312562476E-01 a       345     0    18     1     5
  1.3096657431949613E-01 a       346     0    18     1     6
  2.8609624398363798E-01 a       347     0    18     1     7
  3.0128291689284170E-01 a       348     0    18     1     8
 -4.8662310709424311E-01 a       349     0    18     1     9
 -3.0288000438005291E-01 a       350     0    18     1    10
 -2.8700862896814483E-01 a       351     0    18     1    11
  7.2414482636434463E-01 a       352     0    18     1    12
 -5.4183953802292906E-01 a       353     0    18     1    13
 -2.8842438704882112E-01 a       354     0    18     1    14
  1.7781462112010142E-02 a       355     0    18     1    15
  3.0815907759416150E-01 a       356     0    18     1    16
 -6.4489680221497458E-01 a       357     0    18     1    17
 -1.5190584467085570E-02 a       358     0    18     1    18
 -1.0302061523424486E-01 a       359     0    18     1    19
 -3.1176979038195707E-01 a       360     0    18     1    20
  5.0264571820104564E-01 a       361     0    19     1     1
 -1.0622217751570052E-01 a       362     0    19     1     2
 -4.1486833615699090E-02 a       363     0    19     1     3
  1.1078979642422495E+00 a       364     0    19     1     4
 -9.5146717968489247E-01 a       365     0    19     1     5
 -1.8582090094114648E-01 a       366     0    19     1     6
  8.2499408301401278E-01 a       367     0    19     1     7
 -1.4074460103444167E-01 a       368     0    19     1     8
 -9.1080799467477813E-01 a       369     0    19     1     9
  4.0463748617960393E-01 a       370     0    19     1    10
 -1.7357055125175512E-02 a       371     0    19     1    11
 -5.9187689424471901E-01 a       372     0    19     1    12
 -5.8771865564629810E-01 a       373     0    19     1    13
 -5.3513595862706620E-01 a       374     0    19     1    14
 -4.6049309284104228E-01 a       375     0    19     1    15
 -1.7096200471455084E-01 a       376     0    19     1    16
 -5.9795564877682439E-01 a       377     0    19     1    17
  5.0698288330998743E-02 a       378     0    19     1    18
  6.8679176889850579E-01 a       379     0    19     1    19
 -9.5057890907493420E-02 a       380     0    19     1    20
 -6.4623926097641404E-01 a       381     0    20     1     1
 -1.2963125161157427E-01 a       382     0    20     1     2
 -6.9545459949708802E-02 a       383     0    20     1     3
 -3.9040775806106109E-01 a       384     0    20     1     4
 -6.4616524473263415E-01 a       385     0    20     1     5
  6.7225652530434965E-01 a       386     0    20     1     6
 -1.1602082307251382E-01 a       387     0    20     1     7
 -6.7454508829762838E-01 a       388     0    20     1     8
  7.9669321260516746E-01 a       389     0    20     1     9
  4.5135598939812710E-01 a       390     0    20     1    10
  2.1185647288476894E-01 a       391     0    20     1    11
  4.1268989196282818E-01 a       392     0    20     1    12
  3.7218688766393643E-01 a       393     0    20     1    13
 -1.1877974537007685E+00 a       394     0    20     1    14
 -6.4392981582373454E-01 a       395     0    20     1    15
  5.2603702363284677E-01 a       396     0    20     1    16
 -1.9692722916361625E-02 a       397     0    20     1    17
 -7.0758924045435684E-02 a       398     0    20     1    18
 -2.4509163632311365E-01 a       399     0    20     1    19
  2.9650792072139176E-01 a       400     0    20     1    20
  1.9958780410832339E-01 a       401     0    21     1     1
 -6.1800173775355627E-01 a       402     0    21     1     2
 -8.5513387758637954E-02 a       403     0    21     1     3
 -2.9090072705599868E-01 a       404     0    21     1     4
  2.4804236054059289E-01 a       405     0    21     1     5
 -3.5613764242684520E-01 a       406     0    21     1     6
  1.1356369905816265E-03 a       407     0    21     1     7
  1.2171630204919894E+00 a       408     0    21     1     8
  4.8264802971843090E-01 a       409     0    21     1     9
  6.3903131422900800E-02 a       410     0    21     1    10
  6.4042376145601021E-01 a       411     0    21     1    11
 -1.1842708101331434E-01 a       412     0    21     1    12
 -3.9881860323183471E-01 a       413     0    21     1    13
 -8.4286540955884104E-01 a       414     0    21     1    14
  9.4398931285708476E-01 a       415     0    21     1    15
 -3.7044893230675729E-01 a       416     0    21     1    16
 -5.1166189333003875E-01 a       417     0    21     1    17
  2.0665868425417611E-01 a       418     0    21     1    18
  2.6070058639083234E-02 a       419     0    21     1    19
 -5.0034590071315221E-01 a       420     0    21     1    20
 -3.7111776051640616E-01 a       421     0    22     1     1
  4.8229903360855614E-02 a       422     0    22     1     2
 -9.1540388300589234E-02 a       423     0    22     1     3
  1.3381427717472652E-01 a       424     0    22     1     4
  2.9980119099809083E-01 a       425     0    22     1     5
 -2.5830538584280238E-01 a       426     0    22     1     6
  1.6655882772811545E-01 a       427     0    22     1     7
  4.2568351761977034E-02 a       428     0    22     1     8
  7.1466015442204023E-01 a       429     0    22     1     9
 -7.0642208711790389E-01 a       430     0    22     1    10
 -4.0881041614447999E-01 a       431     0    22     1    11
  1.6537589119525090E-01 a       432     0    22     1    12
  1.2267965283441593E-01 a       433     0    22     1    13
  5.6228335301990165E-03 a       434     0    22     1    14
  3.0256357940366990E-01 a       435     0    22     1    15
 -7.2929117429258883E-01 a       436     0    22     1    16
  1.6558291344531467E-01 a       437     0    22     1    17
 -2.6701135578392043E-01 a       438     0    22     1    18
 -1.2625793352651427E-01 a       439     0    22     1    19
 -3.6346451350727249E-01 a       440     0    22     1    20
 -4.3788177866629152E-01 a       441     0    23     1     1
  8.8431838681915800E-02 a       442     0    23     1     2
  2.6763712806331047E-01 a       443     0    23     1     3
  1.9092187854580114E-01 a       444     0    23     1     4
  8.7906803126009764E-02 a       445     0    23     1     5
  4.9160452608524835E-01 a       446     0    23     1     6
 -3.8554678914673807E-01 a       447     0    23     1     7
 -5.4978855081402989E-01 a       448     0    23     1     8
 -3.0792954956456176E-01 a       449     0    23     1     9
  4.3740145879957393E-01 a       450     0    23     1    10
 -3.9950236918674642E-01 a       451     0    23     1    11
  4.6219976866465055E-02 a       452     0    23     1    12
 -5.6894168544841817E-01 a       453     0    23     1    13
 -5.5816738382716662E-02 a       454     0    23     1    14
 -7.7155946556531324E-02 a       455     0    23     1    15
 -4.2888798076838458E-01 a       456     0    23     1    16
  1.7927207377469612E-02 a       457     0    23     1    17
 -2.8020706446987220E-01 a       458     0    23     1    18
 -5.3579119543799147E-01 a       459     0    23     1    19
  3.9032580656654076E-01 a       460     0    23     1    20
 -4.5872167564910604E-01 a       461     0    24     1     1
 -4.6332598358422161E-01 a       462     0    24     1     2
 -4.8760615956334374E-01 a       463     0    24     1     3
  2.7197507105695934E-01 a       464     0    24     1     4
 -5.4565392809571955E-01 a       465     0    24     1     5
 -4.0339004865137362E-02 a       466     0    24     1     6
 -1.1855374395373806E-01 a       467     0    24     1     7
 -9.4837173818385967E-02 a       468     0    24     1     8
 -6.3059752349542908E-01 a       469     0    24     1     9
  4.5254241423970948E-01 a       470     0    24     1    10
 -1.5592030537635915E-01 a       471     0    24     1    11
  7.6670309101932699E-01 a       472     0    24     1    12
 -8.3745112991869819E-02 a       473     0    24     1    13
  6.8686715925118269E-01 a       474     0    24     1    14
  3.5920430202351733E-01 a       475     0    24     1    15
  2.6437803807259619E-01 a       476     0    24     1    16
  3.2858980976039026E-01 a       477     0    24     1    17
  6.0396898454441472E-01 a       478     0    24     1    18
 -4.7211493358468989E-03 a       479     0    24     1    19
 -5.7433753229485962E-01 a       480     0    24     1    20
  3.4599097867316887E-02 a       481     0    25     1     1
  4.4451825730299005E-01 a       482     0    25     1     2
  9.2283897775574930E-01 a       483     0    25     1     3
 -1.9540846808686141E-01 a       484     0    25     1     4
  2.7452025624905402E-01 a       485     0    25     1     5
  6.0887068636030983E-01 a       486     0    25     1     6
 -5.7396507198131619E-01 a       487     0    25     1     7
 -4.2287929648135747E-01 a       488     0    25     1     8
  4.5806208227740547E-01 a       489     0    25     1     9
 -4.1213822942713502E-01 a       490     0    25     1    10
 -5.3049417504462748E-01 a       491     0    25     1    11
 -1.0010387598723149E+00 a       492     0    25     1    12
 -1.2564154714152405E+00 a       493     0    25     1    13
 -1.2716323823200368E+00 a       494     0    25     1    14
  7.6369685245460783E-01 a       495     0    25     1    15
 -1.1240608206311882E+00 a       496     0    25     1    16
 -8.9175102517942384E-01 a       497     0    25     1    17
 -3.0936596915839326E-01 a       498     0    25     1    18
 -3.5011753014794167E-01 a       499     0    25     1    19
  1.0874412850205932E+00 a       500     0    25     1    20
 -2.4621596108830236E-03 a       501     0    26     1     1
  5.8183169809103208E-01 a       502     0    26     1     2
  4.3049834717996344E-01 a       503     0    26     1     3
 -5.0876077966662797E-02 a       504     0    26     1     4
  4.4212763152509055E-01 a       505     0    26     1     5
 -4.7172561711568688E-02 a       506     0    26     1     6
 -7.3102836749739747E-02 a       507     0    26     1     7
  4.4368576685086591E-01 a       508     0    26     1     8
  5.8942467996458348E-01 a       509     0    26     1     9
 -3.8723707977267335E-01 a       510     0    26     1    10
  1.7068564094187888E-01 a       511     0    26     1    11
 -6.7672618873983204E-01 a       512     0    26     1    12
 -6.1831711134141857E-04 a       513     0    26     1    13
 -1.3960906101241333E-01 a       514     0    26     1    14
  1.6770313059213268E-02 a       515     0    26     1    15
 -1.4047140283186371E-01 a       516     0    26     1    16
 -3.4797145156847714E-01 a       517     0    26     1    17
 -3.5580251182954192E-01 a       518     0    26     1    18
  1.7903219364520293E-01 a       519     0    26     1    19
  4.4566508690203105E-01 a       520     0    26     1    20
  5.8527222646297183E-01 a       521     0    27     1     1
 -6.7635248470925324E-01 a       522     0    27     1     2
 -5.3280563373232215E-01 a       523     0    27     1     3
  2.8863584474255366E-01 a       524     0    27     1     4
 -3.3561786591307019E-01 a       525     0    27     1     5
 -8.2036789589726433E-01 a       526     0    27     1     6
  3.7350459978102390E-01 a       527     0    27     1     7
  3.6413552096606622E-01 a       528     0    27     1     8
 -3.6514470221922618E-01 a       529     0    27     1     9
  4.9489111529868141E-01 a       530     0    27     1    10
  1.9329692153097131E-01 a       531     0    27     1    11
  1.0803257017979495E+00 a       532     0    27     1    12
  1.1959853458003074E+00 a       533     0    27     1    13
  7.0995209688153837E-01 a       534     0    27     1    14
  1.4530490328070603E-01 a       535     0    27     1    15
  1.0236606189032409E+00 a       536     0    27     1    16
  4.4543855066066351E-01 a       537     0    27     1    17
  9.8232469709607062E-01 a       538     0    27     1    18
  9.7825112219237143E-01 a       539     0    27     1    19
 -8.9252860125113875E-01 a       540     0    27     1    20
 -3.6305122110847315E-01 a       541     0    28     1     1
  3.2985575371993198E-01 a       542     0    28     1     2
 -2.3938744404028187E-01 a       543     0    28     1     3
 -3.4966778769398965E-01 a       544     0    28     1     4
  4.6789857932677242E-01 a       545     0    28     1     5
 -2.1150107892835390E-01 a       546     0    28     1     6
 -5.9143807195690612E-01 a       547     0    28     1     7
  1.0745975869253452E-01 a       548     0    28     1     8
 -4.4317367580434747E-01 a       549     0    28     1     9
  1.6234702084976360E-01 a       550     0    28     1    10
 -5.1060913546847109E-01 a       551     0    28     1    11
  2.9009184570185315E-01 a       552     0    28     1    12
  6.2813109248768706E-02 a       553     0    28     1    13
  2.6490633284029197E-01 a       554     0    28     1    14
  4.5953267081004884E-01 a       555     0    28     1    15
  5.2484710267683576E-01 a       556     0    28     1    16
 -2.5252527102641081E-01 a       557     0    28     1    17
 -6.6585276316224309E-02 a       558     0    28     1    18
  1.7445920711546914E-01 a       559     0    28     1    19
  6.1095514318153424E-02 a       560     0    28     1    20
 -2.9199658112004312E-01 a       561     0    29     1     1
  1.4978476285396439E-01 a       562     0    29     1     2
  3.0756405573315132E-01 a       563     0    29     1     3
  1.5015951341155576E-01 a       564     0    29     1     4
  1.2840124522644800E-02 a       565     0    29     1     5
 -2.4674100386655939E-01 a       566     0    29     1     6
 -4.3779414913827513E-01 a       567     0    29     1     7
 -3.0983052415207812E-01 a       568     0    29     1     8
  4.0360907834277404E-01 a       569     0    29     1     9
 -1.9297039443370931E-01 a       570     0    29     1    10
  9.5946243352119723E-03 a       571     0    29     1    11
  3.5174854876926376E-01 a       572     0    29     1    12
  3.0595196481149167E-01 a       573     0    29     1    13
  3.9730985925361673E-01 a       574     0    29     1    14
 -2.1382031270296413E-02 a       575     0    29     1    15
  2.9316878857891610E-02 a       576     0    29     1    16
 -1.4026950455818485E-01 a       577     0    29     1    17
 -3.9904866658985051E-02 a       578     0    29     1    18
 -9.4324042545805453E-02 a       579     0    29     1    19
 -4.4433355808654418E-01 a       580     0    29     1    20
  3.3930503937978035E-01 a       581     0    30     1     1
 -4.4339155961950122E-01 a       582     0    30     1     2
  1.5710221393997453E-01 a       583     0    30     1     3
 -4.2597364189490411E-01 a       584     0    30     1     4
  2.6992931335789089E-01 a       585     0    30     1     5
  3.0410956178678620E-02 a       586     0    30     1     6
  2.1595610342228572E-01 a       587     0    30     1     7
  1.7475283512913223E-01 a       588     0    30     1     8
  1.4724119703928476E-01 a       589     0    30     1     9
  2.9145845677097043E-01 a       590     0    30     1    10
 -3.0964852897619571E-01 a       591     0    30     1    11
 -1.8749377161738195E-01 a       592     0    30     1    12
 -8.0132596151028235E-01 a       593     0    30     1    13
 -7.8815489765815883E-01 a       594     0    30     1    14
  1.4890273270406831E-01 a       595     0    30     1    15
  7.4053426334380723E-02 a       596     0    30     1    16
 -1.7769195216618333E-01 a       597     0    30     1    17
 -2.2606911047820210E-02 a       598     0    30     1    18
 -3.9677346102934741E-01 a       599     0    30     1    19
 -1.9309438683425889E-01 a       600     0    30     1    20
 -5.6247287017561924E-02 a       601     0    31     1     1
 -3.0300315648109805E-01 a       602     0    31     1     2
  6.6206260949964379E-01 a       603     0    31     1     3
 -4.4878414245990916E-01 a       604     0    31     1     4
  1.0988475278318860E-01 a       605     0    31     1     5
 -1.2373156160722019E-01 a       606     0    31     1     6
  6.7513597413861010E-02 a       607     0    31     1     7
 -3.8955494064866064E-01 a       608     0    31     1     8
  8.5231350056703481E-01 a       609     0    31     1     9
  2.9987212894812904E-01 a       610     0    31     1    10
  1.9154294158585025E-01 a       611     0    31     1    11
 -3.3738321656890691E-01 a       612     0    31     1    12
 -2.1634154433186442E-01 a       613     0    31     1    13
 -7.9885899568225993E-01 a       614     0    31     1    14
 -6.7257798518431378E-01 a       615     0    31     1    15
 -6.5725958558694231E-02 a       616     0    31     1    16
  3.7716787042843952E-01 a       617     0    31     1    17
  1.5066371983193566E-01 a       618     0    31     1    18
  4.4222095413752632E-02 a       619     0    31     1    19
 -2.2789519357369137E-01 a       620     0    31     1    20
 -3.0417338393742077E-01 a       621     0    32     1     1
  5.9157980675006876E-02 a       622     0    32     1     2
 -2.7996791399161958E-01 a       623     0    32     1     3
  2.6265902029235566E-01 a       624     0    32     1     4
 -2.6624333239930081E-01 a       625     0    32     1     5
 -3.2612741727709921E-01 a       626     0    32     1     6
 -4.3007719792533761E-01 a       627     0    32     1     7
 -8.6507262842444133E-01 a       628     0    32     1     8
 -5.7782919858760629E-01 a       629     0    32     1     9
 -9.7106585913334764E-01 a       630     0    32     1    10
  5.5548262348687583E-01 a       631     0    32     1    11
  5.5128741882487575E-01 a       632     0    32     1    12
  9.8999744857339855E-01 a       633     0    32     1    13
  1.1328522034083657E+00 a       634     0    32     1    14
 -9.8635080963883670E-01 a       635     0    32     1    15
 -2.2132530310926482E-01 a       636     0    32     1    16
  4.5564285094622392E-01 a       637     0    32     1    17
  2.1497875058950185E-02 a       638     0    32     1    18
  3.4095328357090376E-01 a       639     0    32     1    19
 -4.7285189486157800E-02 a       640     0    32     1    20
  7.2951300333089975E-01 a       641     0    33     1     1
  6.7826267215010463E-02 a       642     0    33     1     2
 -2.7758630242138638E-01 a       643     0    33     1     3
 -4.7047212939599993E-02 a       644     0    33     1     4
  4.0567058222913739E-02 a       645     0    33     1     5
 -1.6998968755495156E-01 a       646     0    33     1     6
  1.6233569000357462E-01 a       647     0    33     1     7
 -1.3896196992837789E-01 a       648     0    33     1     8
 -1.6974180600097175E-01 a       649     0    33     1     9
  4.1699782559062570E-01 a       650     0    33     1    10
 -1.7598836872382165E-01 a       651     0    33     1    11
 -4.0066606267199811E-01 a       652     0    33     1    12
 -2.7673048728179028E-01 a       653     0    33     1    13
  2.9083728355407890E-01 a       654     0    33     1    14
 -3.3131109553213793E-02 a       655     0    33     1    15
 -9.3828828035211831E-01 a       656     0    33     1    16
 -4.5967520604377043E-01 a       657     0    33     1    17
 -2.7351683712868391E-01 a       658     0    33     1    18
  6.2312737794619355E-01 a       659     0    33     1    19
 -1.0692077388848944E+00 a       660     0    33     1    20
 -1.1909936374401303E-01 a       661     0    34     1     1
 -6.0797901795689897E-03 a       662     0    34     1     2
  1.3895445495049395E-02 a       663     0    34     1     3
  2.8022776481457390E-01 a       664     0    34     1     4
 -1.2909245632083438E-01 a       665     0    34     1     5
 -2.0602386207396704E-02 a       666     0    34     1     6
 -3.7278284081651514E-02 a       667     0    34     1     7
  5.3510953869328459E-01 a       668     0    34     1     8
  2.0223461596020278E-01 a       669     0    34     1     9
 -3.5966948077509847E-01 a       670     0    34     1    10
  9.5555964684075467E-03 a       671     0    34     1    11
  3.1240609120862745E-01 a       672     0    34     1    12
 -1.0214801763537217E-01 a       673     0    34     1    13
 -2.9736591065698637E-01 a       674     0    34     1    14
  1.1348658404292077E-01 a       675     0    34     1    15
  5.0523981840311527E-01 a       676     0    34     1    16
 -1.6346195136747926E-01 a       677     0    34     1    17
 -8.6894524902922557E-02 a       678     0    34     1    18
 -2.9240762868520798E-01 a       679     0    34     1    19
  7.8624553066579683E-01 a       680     0    34     1    20
 -7.8386404265385157E-01 a       681     0    35     1     1
 -5.6865706164955254E-01 a       682     0    35     1     2
  1.2216703699065623E-01 a       683     0    35     1     3
 -1.7496779441446522E-01 a       684     0    35     1     4
  8.1183514995865824E-01 a       685     0    35     1     5
 -4.2047560123107847E-01 a       686     0    35     1     6
 -2.3745360167325671E-01 a       687     0    35     1     7
 -3.8709930115522634E-01 a       688     0    35     1     8
  3.3292040031778064E-01 a       689     0    35     1     9
 -1.5404289401597518E-01 a       690     0    35     1    10
 -2.0154911977930810E-02 a       691     0    35     1    11
 -1.7524018998772890E-03 a       692     0    35     1    12
 -1.5244248468380095E-01 a       693     0    35     1    13
  4.1352228402176477E-01 a       694     0    35     1    14
  4.9525393123275745E-02 a       695     0    35     1    15
 -4.0436567423653574E-01 a       696     0    35     1    16
  2.2634205164382781E-01 a       697     0    35     1    17
  4.0118971255876668E-01 a       698     0    35     1    18
  2.2153483399017515E-02 a       699     0    35     1    19
  7.5602657210919466E-01 a       700     0    35     1    20
 -1.9492490079549357E-01 a       701     0    36     1     1
  2.0845163625263891E-01 a       702     0    36     1     2
  3.8150823346888314E-03 a       703     0    36     1     3
 -3.9365365908614003E-01 a       704     0    36     1     4
 -6.2131744161723712E-01 a       705     0    36     1     5
 -1.7924617182292993E-01 a       706     0    36     1     6
  2.8269346946441720E-01 a       707     0    36     1     7
  6.5076300836268364E-02 a       708     0    36     1     8
 -2.2154070920365815E-01 a       709     0    36     1     9
  4.5057550203752066E-02 a       710     0    36     1    10
  1.0197613518537667E-01 a       711     0    36     1    11
  1.5117571057569731E-01 a       712     0    36     1    12
  3.2669228921446181E-01 a       713     0    36     1    13
 -5.3170434225154717E-01 a       714     0    36     1    14
 -4.0121901928990517E-01 a       715     0    36     1    15
  1.1239946554536746E-01 a       716     0    36     1    16
 -1.2721707305368890E-01 a       717     0    36     1    17
  1.3763561363756116E-01 a       718     0    36     1    18
 -1.2568503069731757E-02 a       719     0    36     1    19
 -2.9091851751149783E-01 a       720     0    36     1    20
  1.1320671615166888E-01 a       721     0    37     1     1
  7.3099925275926902E-02 a       722     0    37     1     2
  1.3910380828098423E-01 a       723     0    37     1     3
  2.0167428575407223E-01 a       724     0    37     1     4
 -1.0647529355651747E-02 a       725     0    37     1     5
  4.6093874772934551E-01 a       726     0    37     1     6
 -1.6109990399303789E-01 a       727     0    37     1     7
  5.7526566017037417E-01 a       728     0    37     1     8
  1.3006066794610760E-01 a       729     0    37     1     9
 -2.0700619167306281E-01 a       730     0    37     1    10
  2.4018109716641783E-01 a       731     0    37     1    11
  2.1776708852245805E-01 a       732     0    37     1    12
 -1.2617778666632276E-01 a       733     0    37     1    13
  1.6146100825094746E-02 a       734     0    37     1    14
  3.4632228958134142E-01 a       735     0    37     1    15
  2.7626939533474310E-01 a       736     0    37     1    16
  7.4317592976177804E-01 a       737     0    37     1    17
 -1.1126720907339039E-02 a       738     0    37     1    18
 -6.4566000758166786E-01 a       739     0    37     1    19
  9.1930631044889322E-01 a       740     0    37     1    20
 -1.4137415799773975E-01 a       741     0    38     1     1
  1.0390938947303602E-01 a       742     0    38     1     2
 -6.1775880553231877E-01 a       743     0    38     1     3
  5.1278541031909632E-02 a       744     0    38     1     4
 -4.5413810924680753E-01 a       745     0    38     1     5
  1.7725221003047065E-02 a       746     0    38     1     6
 -1.0777308312701218E-03 a       747     0    38     1     7
  1.1360047037356265E-01 a       748     0    38     1     8
  8.5774433808435982E-02 a       749     0    38     1     9
  2.9591639838081224E-01 a       750     0    38     1    10
 -7.0960831076803021E-01 a       751     0    38     1    11
 -6.2507738907885957E-01 a       752     0    38     1    12
 -3.0349510683204700E-01 a       753     0    38     1    13
 -1.1590582812314079E-01 a       754     0    38     1    14
  8.9220320997306568E-01 a       755     0    38     1    15
 -2.8992472323999174E-01 a       756     0    38     1    16
 -3.0461419666809586E-01 a       757     0    38     1    17
 -3.7434069729288183E-01 a       758     0    38     1    18
  3.6489022363154189E-01 a       759     0    38     1    19
 -4.3400285442063641E-01 a       760     0    38     1    20
 -4.7008289288048694E-01 a       761     0    39     1     1
 -1.2183581611052718E+00 a       762     0    39     1     2
  3.7631305844552171E-01 a       763     0    39     1     3
 -1.1051964129739809E-01 a       764     0    39     1     4
  1.1914228501545530E+00 a       765     0    39     1     5
  3.1973353204892452E-01 a       766     0    39     1     6
  3.0481095330914004E-01 a       767     0    39     1     7
  2.8909908851806820E-01 a       768     0    39     1     8
  1.7392890312135387E+00 a       769     0    39     1     9
  4.6978958335856152E-01 a       770     0    39     1    10
  4.0018133989622529E-01 a       771     0    39     1    11
  3.7224934765708767E-01 a       772     0    39     1    12
  5.5619069486319450E-01 a       773     0    39     1    13
 -1.0379184028644386E+00 a       774     0    39     1    14
  4.7412060900636177E-01 a       775     0    39     1    15
 -2.0936913005310379E-02 a       776     0    39     1    16
  2.4085604150837062E-01 a       777     0    39     1    17
  1.8363890723130893E-01 a       778     0    39     1    18
 -2.0795235758692870E-01 a       779     0    39     1    19
  1.4203865998417770E-01 a       780     0    39     1    20
  1.2749386327809473E+00 a       781     0    40     1     1
  5.3519090078488174E-01 a       782     0    40     1     2
  2.2870570963932975E-02 a       783     0    40     1     3
  1.5161713195063750E-01 a       784     0    40     1     4
 -1.7258463760984910E-01 a       785     0    40     1     5
  7.3700483484657908E-01 a       786     0    40     1     6
 -4.8721540946857667E-01 a       787     0    40     1     7
  8.3832905970020410E-01 a       788     0    40     1     8
 -6.4036083680915390E-01 a       789     0    40     1     9
 -1.0789857984088271E+00 a       790     0    40     1    10
  7.9529027041844902E-01 a       791     0    40     1    11
 -1.2404555835653786E+00 a       792     0    40     1    12
  5.8615079973373696E-01 a       793     0    40     1    13
  1.3101001224011883E+00 a       794     0    40     1    14
  3.0173754432101618E-01 a       795     0    40     1    15
 -3.9009095828539908E-01 a       796     0    40     1    16
 -8.3890655248320081E-02 a       797     0    40     1    17
  6.0893223776949690E-01 a       798     0    40     1    18
  7.5912906726518969E-01 a       799     0    40     1    19
 -1.8801799087727780E+00 a       800     0    40     1    20
 -8.2736441804253977E-02 a       801     0    41     1     1
  3.7248221632420475E-02 a       802     0    41     1     2
  1.0845818418902242E+00 a       803     0    41     1     3
  3.7628389696902137E-01 a       804     0    41     1     4
 -4.4722748573321397E-02 a       805     0    41     1     5
 -6.1052092422036019E-01 a       806     0    41     1     6
  1.4888748270182856E-01 a       807     0    41     1     7
 -1.2088605157771575E+00 a       808     0    41     1     8
 -2.6817571733161133E-01 a       809     0    41     1     9
  2.6428632908521349E-01 a       810     0    41     1    10
  2.7970356404336449E-01 a       811     0    41     1    11
  2.4519564287395357E-01 a       812     0    41     1    12
 -4.3951689274612199E-01 a       813     0    41     1    13
  8.3352474751149841E-01 a       814     0    41     1    14
  9.2810397998147509E-01 a       815     0    41     1    15
 -5.7030628313999010E-01 a       816     0    41     1    16
  1.0513648210384634E+00 a       817     0    41     1    17
  3.4532802209937280E-01 a       818     0    41     1    18
  7.7092577096693982E-02 a       819     0    41     1    19
  1.1747185758274938E+00 a       820     0    41     1    20
 -6.3679130550591156E-01 a       821     0    42     1     1
  5.5362082609359875E-01 a       822     0    42     1     2
 -8.5107970738800744E-03 a       823     0    42     1     3
 -2.1347084783446851E-02 a       824     0    42     1     4
 -5.0262552168344500E-02 a       825     0    42     1     5
 -8.6728402938580751E-02 a       826     0    42     1     6
  7.1043272433956650E-01 a       827     0    42     1     7
  3.1109804445071276E-01 a       828     0    42     1     8
 -5.0094814063246051E-01 a       829     0    42     1     9
 -1.0628138799045839E+00 a       830     0    42     1    10
  2.1944013093528719E-01 a       831     0    42     1    11
  6.6150787807247979E-01 a       832     0    42     1    12
 -3.6748116432426252E-02 a       833     0    42     1    13
  2.1832197157607861E-01 a       834     0    42     1    14
 -2.5272366252563938E-01 a       835     0    42     1    15
  6.2286051005118082E-01 a       836     0    42     1    16
  2.3597596786889163E-01 a       837     0    42     1    17
 -5.7894055533887512E-01 a       838     0    42     1    18
 -6.3155281125505813E-01 a       839     0    42     1    19
  1.1256561679323276E+00 a       840     0    42     1    20
  9.2934610474097834E-01 a       841     0    43     1     1
 -7.6699305822956454E-01 a       842     0    43     1     2
 -7.4726725263994775E-01 a       843     0    43     1     3
  7.4088194758762616E-01 a       844     0    43     1     4
 -4.1738476073872782E-01 a       845     0    43     1     5
 -3.2345914184073526E-01 a       846     0    43     1     6
 -5.4481203069710882E-01 a       847     0    43     1     7
 -9.7449117809479513E-01 a       848     0    43     1     8
  1.3139360141221477E+00 a       849     0    43     1     9
 -1.3411059682997346E-02 a       850     0    43     1    10
 -1.6091255426714235E+00 a       851     0    43     1    11
 -4.2891828106431312E-01 a       852     0    43     1    12
 -4.8082159208951508E-01 a       853     0    43     1    13
  1.7316336304613644E-01 a       854     0    43     1    14
  2.9077969684194060E-01 a       855     0    43     1    15
 -1.2854830221258826E+00 a       856     0    43     1    16
 -2.4441573611520240E-01 a       857     0    43     1    17
 -5.8980366048808164E-01 a       858     0    43     1    18
 -1.3231401531990311E-01 a       859     0    43     1    19
  7.6458864066841414E-01 a       860     0    43     1    20
  5.0047592560682912E-02 a       861     0    44     1     1
  2.6191715364701396E-01 a       862     0    44     1     2
 -3.8295046830912460E-01 a       863     0    44     1     3
 -1.6195253769896466E-02 a       864     0    44     1     4
  2.8293275077562013E-01 a       865     0    44     1     5
  4.5670157819506990E-01 a       866     0    44     1     6
 -2.6516499585308273E-02 a       867     0    44     1     7
  1.1359344335082806E+00 a       868     0    44     1     8
 -4.2307994799132270E-01 a       869     0    44     1     9
  1.7491810106599442E-01 a       870     0    44     1    10
  1.9052972669189913E-01 a       871     0    44     1    11
 -7.4939773583704739E-02 a       872     0    44     1    12
  3.2881467048405472E-02 a       873     0    44     1    13
  8.9520918102852357E-02 a       874     0    44     1    14
 -3.4679744058873596E-01 a       875     0    44     1    15
  5.3975411323244638E-01 a       876     0    44     1    16
 -2.1132527428579001E-01 a       877     0    44     1    17
 -3.4725329272764011E-01 a       878     0    44     1    18
  1.4285020611085766E-01 a       879     0    44     1    19
 -9.3288619099126113E-01 a       880     0    44     1    20
 -2.3743555670235575E-01 a       881     0    45     1     1
  1.2080165594895353E+00 a       882     0    45     1     2
 -2.9788313858064780E-01 a       883     0    45     1     3
 -3.7546327241269079E-01 a       884     0    45     1     4
 -1.9978793566830297E-01 a       885     0    45     1     5
 -3.7434997663234926E-01 a       886     0    45     1     6
  3.3260449903334915E-01 a       887     0    45     1     7
 -2.8254946277847298E-01 a       888     0    45     1     8
  1.0768415640924749E+00 a       889     0    45     1     9
  2.4036122558231512E-01 a       890     0    45     1    10
  3.1285860786239555E-01 a       891     0    45     1    11
 -5.3038180905533094E-01 a       892     0    45     1    12
  2.6506939182879097E-01 a       893     0    45     1    13
  7.1474863674452349E-01 a       894     0    45     1    14
 -1.0050501429389338E+00 a       895     0    45     1    15
 -3.3895129777947924E-01 a       896     0    45     1    16
 -7.1408120175727008E-02 a       897     0    45     1    17
 -2.8202852196444506E-01 a       898     0    45     1    18
  8.8692039059901862E-02 a       899     0    45     1    19
 -9.5797152387622278E-02 a       900     0    45     1    20
  6.6319950199824795E-01 a       901     0    46     1     1
 -7.0093655144390954E-01 a       902     0    46     1     2
 -7.4466011408784960E-01 a       903     0    46     1     3
 -9.1112158319052006E-02 a       904     0    46     1     4
  1.5950906066416751E-01 a       905     0    46     1     5
 -7.1761024331996465E-02 a       906     0    46     1     6
  3.8265708724653041E-01 a       907     0    46     1     7
 -3.0762788038809236E-01 a       908     0    46     1     8
 -1.1509728738506626E+00 a       909     0    46     1     9
 -2.7893141728766054E-02 a       910     0    46     1    10
  8.2983321226051850E-03 a       911     0    46     1    11
  2.4746348429708587E-01 a       912     0    46     1    12
  6.2629512041875135E-01 a       913     0    46     1    13
 -2.4379435292370902E-01 a       914     0    46     1    14
  2.6989643615447912E-02 a       915     0    46     1    15
  2.9191966377319389E-01 a       916     0    46     1    16
 -1.4092093079753362E-01 a       917     0    46     1    17
  9.6677278499206473E-02 a       918     0    46     1    18
  2.7531183595010206E-01 a       919     0    46     1    19
  9.9021493377723244E-02 a       920     0    46     1    20
 -6.5889032007025494E-01 b       921     1     1
 -1.2001235570774692E-01 b       922     1     2
 -1.3486119915043453E+00 b       923     1     3
 -6.1269856876816764E-01 b       924     1     4
 -1.2736627186924583E+00 b       925     1     5
 -8.5247787510381900E-01 b       926     1     6
 -1.0262249540577313E+00 b       927     1     7
  1.1640263944653777E+00 b       928     1     8
  9.1077157260923602E-01 b       929     1     9
 -5.5283919525496432E-02 b       930     1    10
  1.0306808767894489E-01 b       931     1    11
  3.0586699819456359E-01 b       932     1    12
 -3.9649556192173124E-01 b       933     1    13
 -1.1668596501348945E+00 b       934     1    14
  1.2810327446340304E+00 b       935     1    15
 -1.1061626652541403E+00 b       936     1    16
 -3.3265110585704688E-01 b       937     1    17
  1.0277253347272809E-01 b       938     1    18
  9.6212681622404350E-01 b       939     1    19
 -6.3543996267203917E-01 b       940     1    20
  7.5398860748256158E-01 a       941     1     1     2     1
 -1.7471408706065378E-01 a       942     1     1     2     2
  4.5060895289983055E-02 a       943     1     1     2     3
  3.9049036130412978E-01 a       944     1     1     2     4
 -4.3166555794958045E-01 a       945     1     1     2     5
 -1.0924308801866827E+00 a       946     1     1     2     6
  1.6770447372478131E-01 a       947     1     1     2     7
  3.2012923449623626E-01 a       948     1     1     2     8
 -5.3885275649206632E-01 a       949     1     1     2     9
 -2.8043053794261069E-01 a       950     1     1     2    10
  4.9046662627012522E-01 a       951     1     1     2    11
  2.4313933548994460E-01 a       952     1     1     2    12
 -3.0006208272689217E-01 a       953     1     1     2    13
 -1.9026040313890835E-01 a       954     1     1     2    14
 -2.4979958024413034E-02 a       955     1     1     2    15
 -2.8290121264967483E-01 a       956     1     1     2    16
  4.1439412760382438E-01 a       957     1     1     2    17
  2.0788353715693164E-01 a       958     1     1     2    18
  3.6215457778557864E-01 a       959     1     1     2    19
 -1.4094966485470584E-01 a       960     1     1     2    20
 -7.0471159135649097E-01 a       961     1     2     2     1
  2.4299527876646779E-01 a       962     1     2     2     2
 -3.2527429625196563E-01 a       963     1     2     2     3
 -1.0327393526420763E+00 a       964     1     2     2     4
 -1.5097703272637278E-01 a       965     1     2     2     5
  5.6385029641475470E-01 a       966     1     2     2     6
  3.2115088800642472E-03 a       967     1     2     2     7
  8.0304399007871174E-02 a       968     1     2     2     8
 -3.0135187072605285E-01 a       969     1     2     2     9
 -1.3588202089896737E-01 a       970     1     2     2    10
 -8.2249386973721217E-01 a       971     1     2     2    11
  4.9024937801292517E-01 a       972     1     2     2    12
  6.1048327215703735E-01 a       973     1     2     2    13
 -9.6539649206092848E-01 a       974     1     2     2    14
 -1.8968910827716456E-01 a       975     1     2     2    15
 -2.9166344073799694E-01 a       976     1     2     2    16
 -3.5853365542047633E-01 a       977     1     2     2    17
  4.1271160190356787E-01 a       978     1     2     2    18
  7.8744631082098282E-01 a       979     1     2     2    19
  4.3049285188481512E-01 a       980     1     2     2    20
 -4.3132739388428182E-01 a       981     1     3     2     1
 -6.7757010189635869E-01 a       982     1     3     2     2
 -2.7647261476994445E-01 a       983     1     3     2     3
 -2.1885554893256826E-01 a       984     1     3     2     4
  6.7152004991315695E-01 a       985     1     3     2     5
  1.1636953593380131E-01 a       986     1     3     2     6
 -7.7621483116901935E-01 a       987     1     3     2     7
 -6.6645576107317595E-01 a       988     1     3     2     8
  6.3444118131559257E-01 a       989     1     3     2     9
 -7.5521297602344517E-01 a       990     1     3     2    10
  7.3554790490198374E-01 a       991     1     3     2    11
 -4.4098210053992681E-01 a       992     1     3     2    12
 -5.6124041672050773E-01 a       993     1     3     2    13
  6.6672854446123608E-01 a       994     1     3     2    14
 -6.2123387408349340E-01 a       995     1     3     2    15
  2.6449309553837036E-01 a       996     1     3     2    16
 -4.0855307861886886E-01 a       997     1     3     2    17
  7.0796575151374410E-03 a       998     1     3     2    18
  1.4986779889150910E+00 a       999     1     3     2    19
 -9.1684668999905031E-02 a      1000     1     3     2    20
 -7.8012123129464517E-01 a      1001     1     4     2     1
  3.7894424824471196E-01 a      1002     1     4     2     2
 -5.0066029113351618E-01 a      1003     1     4     2     3
  1.6814219815262219E-01 a      1004     1     4     2     4
  2.8093650806902876E-01 a      1005     1     4     2     5
  5.2017010222784787E-01 a      1006     1     4     2     6
  5.1284532877794675E-01 a      1007     1     4     2     7
 -1.4354720972701182E-01 a      1008     1     4     2     8
 -1.2880033778666089E-01 a      1009     1     4     2     9
 -4.8996271982960568E-02 a      1010     1     4     2    10
  1.3046872508270949E-01 a      1011     1     4     2    11
 -5.6568401744617702E-01 a      1012     1     4     2    12
 -5.0033342903594114E-01 a      1013     1     4     2    13
  7.7707099642810451E-01 a      1014     1     4     2    14
 -4.4394907836795602E-02 a      1015     1     4     2    15
 -3.4321023007860635E-01 a      1016     1     4     2    16
 -5.1172774002475485E-01 a      1017     1     4     2    17
  1.8758012788076661E-01 a      1018     1     4     2    18
 -1.3808071927633170E-01 a      1019     1     4     2    19
  1.5956593130276334E-01 a      1020     1     4     2    20
  1.0321300487443024E+00 a      1021     1     5     2     1
 -1.1871652277287127E-01 a      1022     1     5     2     2
 -5.0958984428993936E-01 a      1023     1     5     2     3
 -1.1755554127322472E+00 a      1024     1     5     2     4
 -1.7595247757048621E-01 a      1025     1     5     2     5
 -3.5175642634396032E-01 a      1026     1     5     2     6
  5.7754707690472758E-02 a      1027     1     5     2     7
 -6.1783422211555628E-01 a      1028     1     5     2     8
  2.9047448154766919E-01 a      1029     1     5     2     9
 -2.8163705467611283E-01 a      1030     1     5     2    10
  5.2943752024394719E-01 a      1031     1     5     2    11
 -2.9662975015155507E-01 a      1032     1     5     2    12
 -8.2733013877037220E-01 a      1033     1     5     2    13
  4.8544136728166132E-01 a      1034     1     5     2    14
 -3.5404270788459752E-01 a      1035     1     5     2    15
 -9.9596373676532590E-01 a      1036     1     5     2    16
  2.8327552358128245E-02 a      1037     1     5     2    17
  1.2792096896360741E-01 a      1038     1     5     2    18
  7.3145240470689113E-02 a      1039     1     5     2    19
  5.6066917620655443E-01 a      1040     1     5     2    20
  1.9401357255843119E-01 a      1041     1     6     2     1
  1.0687431124908380E+00 a      1042     1     6     2     2
  7.0593435252680359E-02 a      1043     1     6     2     3
 -2.9717993810206317E-01 a      1044     1     6     2     4
  8.8898068950918008E-01 a      1045     1     6     2     5
 -1.1768351858912118E+00 a      1046     1     6     2     6
  3.4991812356166169E-01 a      1047     1     6     2     7
 -2.2660154337255062E-01 a      1048     1     6     2     8
  4.5939260078523297E-01 a      1049     1     6     2     9
 -3.8049040292207686E-01 a      1050     1     6     2    10
 -3.4335980056937992E-01 a      1051     1     6     2    11
 -3.8582875871356365E-01 a      1052     1     6     2    12
  2.8145346451805947E-01 a      1053     1     6     2    13
 -3.5762004341649750E-01 a      1054     1     6     2    14
  4.0917211526526748E-01 a      1055     1     6     2    15
  1.2699661049071267E-01 a      1056     1     6     2    16
  2.8108413912294069E-02 a      1057     1     6     2    17
 -1.0665390925637366E+00 a      1058     1     6     2    18
  6.6207167086837382E-01 a      1059     1     6     2    19
  1.0443251021085392E-01 a      1060     1     6     2    20
 -7.6472371470664058E-01 a      1061     1     7     2     1
  4.2514777862421527E-01 a      1062     1     7     2     2
  1.7232158600339831E-01 a      1063     1     7     2     3
 -1.3672289444870714E-01 a      1064     1     7     2     4
 -7.5412134562981376E-02 a      1065     1     7     2     5
  3.8798406807862185E-01 a      1066     1     7     2     6
  1.1014898665562911E-01 a      1067     1     7     2     7
 -2.3958902344418059E-01 a      1068     1     7     2     8
  2.8615619456962921E-01 a      1069     1     7     2     9
 -3.8588719149959777E-01 a      1070     1     7     2    10
  3.1190742103283398E-01 a      1071     1     7     2    11
  5.0564107901061994E-01 a      1072     1     7     2    12
 -3.1930033315243811E-01 a      1073     1     7     2    13
 -3.8052270178534763E-02 a      1074     1     7     2    14
 -7.7278369520596191E-01 a      1075     1     7     2    15
 -2.7334222216704313E-01 a      1076     1     7     2    16
  2.2965895589891480E-01 a      1077     1     7     2    17
  1.0077265492062239E-01 a      1078     1     7     2    18
  8.4035428475402435E-02 a      1079     1     7     2    19
  3.9086424733782321E-01 a      1080     1     7     2    20
  1.1227744092738558E-01 a      1081     1     8     2     1
 -9.7712665116814790E-01 a      1082     1     8     2     2
  6.5148562908401542E-01 a      1083     1     8     2     3
  2.2730040262154722E-01 a      1084     1     8     2     4
 -2.5941157414418703E-01 a      1085     1     8     2     5
  4.0246779103745378E-01 a      1086     1     8     2     6
 -9.1885359602314476E-02 a      1087     1     8     2     7
  2.8498763290263185E-02 a      1088     1     8     2     8
 -6.4331795172055350E-01 a      1089     1     8     2     9
  6.0402383626010558E-01 a      1090     1     8     2    10
  5.8709144690851889E-01 a      1091     1     8     2    11
  6.2391480205350382E-02 a      1092     1     8     2    12
  1.6439689408081062E-01 a      1093     1     8     2    13
  2.0613473992614907E-02 a      1094     1     8     2    14
 -2.4872683142134322E-01 a      1095     1     8     2    15
  3.8582582157706874E-01 a      1096     1     8     2    16
 -1.3945113453432742E-01 a      1097     1     8     2    17
  2.7221390216336966E-01 a      1098     1     8     2    18
 -1.7355129877400677E-01 a      1099     1     8     2    19
  1.1229779096289701E-01 a      1100     1     8     2    20
 -1.0267616178298376E-01 a      1101     1     9     2     1
  9.7804209752326510E-01 a      1102     1     9     2     2
  8.3397185706932525E-02 a      1103     1     9     2     3
 -8.0851334373522044E-01 a      1104     1     9     2     4
  9.4074004721109339E-01 a      1105     1     9     2     5
  3.5844138629399319E-01 a      1106     1     9     2     6
 -7.1839261438675486E-02 a      1107     1     9     2     7
  8.6162867159086354E-01 a      1108     1     9     2     8
  5.0463701290339091E-01 a      1109     1     9     2     9
 -1.1388762382011237E-02 a      1110     1     9     2    10
 -5.1795728652944151E-01 a      1111     1     9     2    11
 -3.4194564752480333E-01 a      1112     1     9     2    12
  1.7060905837933585E-01 a      1113     1     9     2    13
 -4.1477232746832282E-01 a      1114     1     9     2    14
  7.0256729600909196E-01 a      1115     1     9     2    15
 -3.5308329098839031E-01 a      1116     1     9     2    16
 -1.4679310515066830E+00 a      1117     1     9     2    17
  5.1391925959662121E-01 a      1118     1     9     2    18
 -3.7120792221993970E-01 a      1119     1     9     2    19
  9.3632045431085631E-01 a      1120     1     9     2    20
 -6.9747546234727231E-01 a      1121     1    10     2     1
 -7.2126496278159435E-01 a      1122     1    10     2     2
  1.5287224277805408E-01 a      1123     1    10     2     3
  3.1709096226234146E-01 a      1124     1    10     2     4
  7.1941733775792327E-02 a      1125     1    10     2     5
 -4.2046257396744419E-02 a      1126     1    10     2     6
 -1.5338889753440421E-01 a      1127     1    10     2     7
 -2.6715923364697365E-02 a      1128     1    10     2     8
 -1.4428731658126762E-01 a      1129     1    10     2     9
  5.4778645390484138E-01 a      1130     1    10     2    10
 -7.1133304782081563E-01 a      1131     1    10     2    11
 -4.2148564050299048E-01 a      1132     1    10     2    12
 -3.5430441459436926E-02 a      1133     1    10     2    13
 -2.2021686828133882E-01 a      1134     1    10     2    14
 -5.8843303905233763E-02 a      1135     1    10     2    15
  3.6593399956465683E-01 a      1136     1    10     2    16
  9.8986787933166120E-01 a      1137     1    10     2    17
  1.9479908227813503E-01 a      1138     1    10     2    18
  1.5612225831958967E-01 a      1139     1    10     2    19
 -1.9148375230180895E-01 a      1140     1    10     2    20
  3.2881884509631093E-01 a      1141     1    11     2     1
 -2.2166508294073090E-01 a      1142     1    11     2     2
  5.0905132952453480E-01 a      1143     1    11     2     3
  4.8239523693229813E-02 a      1144     1    11     2     4
  1.2213872760256661E-01 a      1145     1    11     2     5
 -1.0879969803097769E-01 a      1146     1    11     2     6
 -5.4627090470239503E-01 a      1147     1    11     2     7
 -3.2419706923781844E-01 a      1148     1    11     2     8
 -2.3910902304348253E-01 a      1149     1    11     2     9
 -8.5952620216198472E-01 a      1150     1    11     2    10
  5.0553919096338173E-01 a      1151     1    11     2    11
  4.1897946831611604E-01 a      1152     1    11     2    12
 -6.2914980644083673E-01 a      1153     1    11     2    13
 -5.0468481137811938E-01 a      1154     1    11     2    14
 -1.0164725497172726E-01 a      1155     1    11     2    15
  8.9886526358676458E-02 a      1156     1    11     2    16
  2.9179238523266365E-01 a      1157     1    11     2    17
  6.0044197576267466E-01 a      1158     1    11     2    18
  6.0697977614136744E-01 a      1159     1    11     2    19
 -1.0738123311522296E-01 a      1160     1    11     2    20
  1.8900603332668761E-01 a      1161     1    12     2     1
  3.2869398225344365E-01 a      1162     1    12     2     2
 -5.1928371599503087E-01 a      1163     1    12     2     3
  4.3214361158216302E-01 a      1164     1    12     2     4
 -1.8048258599687528E-01 a      1165     1    12     2     5
  1.2090487709835315E-01 a      1166     1    12     2     6
 -2.2075225391745834E-01 a      1167     1    12     2     7
  7.5978511897694978E-01 a      1168     1    12     2     8
 -6.3242298499939942E-01 a      1169     1    12     2     9
  2.2725285901642095E-01 a      1170     1    12     2    10
 -2.6638462466707963E-01 a      1171     1    12     2    11
  1.2775630549894681E-01 a      1172     1    12     2    12
  3.0194980495650037E-01 a      1173     1    12     2    13
 -3.9679250073488143E-01 a      1174     1    12     2    14
 -1.5550806940425488E-01 a      1175     1    12     2    15
  1.5877663002541034E-01 a      1176     1    12     2    16
  3.4081909107163466E-01 a      1177     1    12     2    17
 -1.5158772716839913E-01 a      1178     1    12     2    18
 -1.3735025247967909E+00 a      1179     1    12     2    19
  6.4943817990476760E-01 a      1180     1    12     2    20
 -2.4255297348315966E-01 a      1181     1    13     2     1
 -3.5080230432984316E-01 a      1182     1    13     2     2
  4.5509984533988568E-01 a      1183     1    13     2     3
 -4.3669100087670965E-01 a      1184     1    13     2     4
 -4.2686908523302020E-01 a      1185     1    13     2     5
  8.5377092169932153E-02 a      1186     1    13     2     6
  4.7286507523771681E-01 a      1187     1    13     2     7
 -5.6423199665104740E-01 a      1188     1    13     2     8
  1.8636560858212431E-01 a      1189     1    13     2     9
 -1.9427576881879249E-01 a      1190     1    13     2    10
  1.4188593688376111E-01 a      1191     1    13     2    11
  4.9080611731439011E-01 a      1192     1    13     2    12
 -6.2251079130737097E-01 a      1193     1    13     2    13
  2.7900961761729970E-01 a      1194     1    13     2    14
 -3.0766463880170274E-02 a      1195     1    13     2    15
  3.5911509172515105E-01 a      1196     1    13     2    16
  8.3434097586540013E-01 a      1197     1    13     2    17
  7.7005874765556426E-02 a      1198     1    13     2    18
  3.1986158952558624E-01 a      1199     1    13     2    19
 -5.4447357677312092E-01 a      1200     1    13     2    20
  1.8493901128752754E-01 a      1201     1    14     2     1
 -4.7769192486600054E-01 a      1202     1    14     2     2
 -4.1367300331819824E-02 a      1203     1    14     2     3
  2.0562274975234876E-01 a      1204     1    14     2     4
 -9.0040069735467188E-01 a      1205     1    14     2     5
  3.6102915332057750E-01 a      1206     1    14     2     6
 -7.8126823018214864E-01 a      1207     1    14     2     7
 -1.4279496717987045E-01 a      1208     1    14     2     8
  1.3523910069188788E-01 a      1209     1    14     2     9
  5.5593509126673302E-01 a      1210     1    14     2    10
  2.1383009551016666E-01 a      1211     1    14     2    11
  6.8791035464388095E-01 a      1212     1    14     2    12
 -2.5431178195875193E-01 a      1213     1    14     2    13
  8.3387876786119114E-02 a      1214     1    14     2    14
 -6.5867983097384353E-01 a      1215     1    14     2    15
 -2.5524020142161702E-01 a      1216     1    14     2    16
 -2.9436003883339740E-01 a      1217     1    14     2    17
  1.0524701816787636E+00 a      1218     1    14     2    18
  4.1194224303368332E-01 a      1219     1    14     2    19
 -6.1900729224915518E-01 a      1220     1    14     2    20
  1.2493056935960902E+00 a      1221     1    15     2     1
  8.0686501207656969E-01 a      1222     1    15     2     2
  5.4022245015163339E-02 a      1223     1    15     2     3
  8.5957957209560509E-01 a      1224     1    15     2     4
  6.4634380255698054E-01 a      1225     1    15     2     5
 -1.3308015543067713E-02 a      1226     1    15     2     6
  3.8928602977983640E-01 a      1227     1    15     2     7
  3.6698808166293473E-01 a      1228     1    15     2     8
  2.6901851133753379E-01 a      1229     1    15     2     9
  4.2169912572093771E-01 a      1230     1    15     2    10
 -1.3094749718163709E-01 a      1231     1    15     2    11
  1.1893830121538544E-02 a      1232     1    15     2    12
  7.8675175811977605E-01 a      1233     1    15     2    13
 -8.7639758165009929E-01 a      1234     1    15     2    14
  2.4081053974953054E-01 a      1235     1    15     2    15
  1.2084480325549978E+00 a      1236     1    15     2    16
  7.0714749280553169E-01 a      1237     1    15     2    17
  3.4682042406851299E-01 a      1238     1    15     2    18
  1.6206710886158449E-01 a      1239     1    15     2    19
  8.9464632877560860E-02 a      1240     1    15     2    20
 -1.8574823719907693E-01 a      1241     1    16     2     1
  4.4607462241763485E-01 a      1242     1    16     2     2
  5.1622480853570341E-01 a      1243     1    16     2     3
 -5.9838044021391465E-02 a      1244     1    16     2     4
 -2.7438427419930589E-01 a      1245     1    16     2     5
 -2.7443259744191184E-01 a      1246     1    16     2     6
 -3.1368933798145560E-01 a      1247     1    16     2     7
 -3.2770855344398298E-01 a      1248     1    16     2     8
  8.1450184552156718E-02 a      1249     1    16     2     9
  7.0979163854118899E-01 a      1250     1    16     2    10
 -6.8505208656684776E-03 a      1251     1    16     2    11
  6.2485478100587055E-01 a      1252     1    16     2    12
 -6.3672540304844438E-01 a      1253     1    16     2    13
  5.9644914284747308E-01 a      1254     1    16     2    14
  3.1260048663540119E-01 a      1255     1    16     2    15
  4.7138387100036977E-01 a      1256     1    16     2    16
  8.7716949118720622E-01 a      1257     1    16     2    17
  3.5878449912084620E-01 a      1258     1    16     2    18
 -2.7219621861881493E-01 a      1259     1    16     2    19
 -7.3536351567242239E-02 a      1260     1    16     2    20
 -7.5396451625374550E-01 a      1261     1    17     2     1
  8.8430982542599679E-02 a      1262     1    17     2     2
 -6.2109274102344947E-01 a      1263     1    17     2     3
  1.3125621033692525E-01 a      1264     1    17     2     4
  2.6453982678395466E-01 a      1265     1    17     2     5
  8.8519789311287761E-02 a      1266     1    17     2     6
  2.4512476862268545E-01 a      1267     1    17     2     7
 -2.5068460464212894E-01 a      1268     1    17     2     8
  4.0591194988272195E-01 a      1269     1    17     2     9
  2.3206136441374037E-01 a      1270     1    17     2    10
 -5.0202571769263693E-01 a      1271     1    17     2    11
 -2.9302741645119057E-01 a      1272     1    17     2    12
  1.0576028191806361E+00 a      1273     1    17     2    13
 -5.7611772302987398E-02 a      1274     1    17     2    14
 -8.0333959408502509E-01 a      1275     1    17     2    15
  1.0406195670690051E-01 a      1276     1    17     2    16
  2.0379303586876965E-01 a      1277     1    17     2    17
 -4.5167901666101190E-01 a      1278     1    17     2    18
  4.8672449796649914E-01 a      1279     1    17     2    19
  2.4070551376112231E-01 a      1280     1    17     2    20
 -5.8875911154352360E-02 a      1281     1    18     2     1
 -1.2144102781815226E-01 a      1282     1    18     2     2
  7.5845703655219632E-01 a      1283     1    18     2     3
  5.4784582924526715E-01 a      1284     1    18     2     4
 -3.2662307626740367E-01 a      1285     1    18     2     5
  2.9013204986313201E-01 a      1286     1    18     2     6
 -1.8283647619096915E-01 a      1287     1    18     2     7
 -1.2921319669034984E-01 a      1288     1    18     2     8
 -5.2872704307664171E-02 a      1289     1    18     2     9
 -5.6060590315113967E-01 a      1290     1    18     2    10
  5.2521817718924751E-02 a      1291     1    18     2    11
  1.3419630884813430E-01 a      1292     1    18     2    12
  6.1632397754003854E-01 a      1293     1    18     2    13
 -9.1151625510779855E-01 a      1294     1    18     2    14
 -5.7131313240902892E-01 a      1295     1    18     2    15
  6.7218083096028058E-01 a      1296     1    18     2    16
  2.5524512013743972E-01 a      1297     1    18     2    17
  7.7456035870335116E-02 a      1298     1    18     2    18
 -7.3991651645985823E-01 a      1299     1    18     2    19
  3.5024975012954468E-01 a      1300     1    18     2    20
 -5.2262952124027717E-01 a      1301     1    19     2     1
  1.1802038271364592E+00 a      1302     1    19     2     2
 -5.6938278245734310E-02 a      1303     1    19     2     3
 -2.1039922656538191E-02 a      1304     1    19     2     4
  4.2591745500959727E-01 a      1305     1    19     2     5
  5.5576349453226048E-01 a      1306     1    19     2     6
  5.2436368026332958E-01 a      1307     1    19     2     7
  5.0141683279165705E-01 a      1308     1    19     2     8
 -5.3810702715974212E-01 a      1309     1    19     2     9
  1.0133105873727422E+00 a      1310     1    19     2    10
  2.1456968732184004E-02 a      1311     1    19     2    11
 -1.4124566327031521E-01 a      1312     1    19     2    12
  1.9544634655320800E-01 a      1313     1    19     2    13
 -3.4206061857473369E-01 a      1314     1    19     2    14
 -6.8085896071564045E-01 a      1315     1    19     2    15
  2.6277999431016164E-01 a      1316     1    19     2    16
 -1.0408326947434500E-01 a      1317     1    19     2    17
  5.4325009393445457E-02 a      1318     1    19     2    18
 -1.9719769634815330E-02 a      1319     1    19     2    19
  5.3852073259007904E-01 a      1320     1    19     2    20
  2.0441298765128957E-01 a      1321     1    20     2     1
  2.8087483232178834E-01 a      1322     1    20     2     2
  4.0231706952195240E-01 a      1323     1    20     2     3
 -3.7606030032733184E-01 a      1324     1    20     2     4
 -1.2068524300503292E+00 a      1325     1    20     2     5
 -1.7695845057317386E-01 a      1326     1    20     2     6
 -8.4627477497380837E-02 a      1327     1    20     2     7
 -1.1715204115902340E-01 a      1328     1    20     2     8
  4.3928007588114681E-01 a      1329     1    20     2     9
  1.1767403087654263E-01 a      1330     1    20     2    10
  9.3307065930775079E-01 a      1331     1    20     2    11
 -8.5720999305143215E-03 a      1332     1    20     2    12
  2.7245432105058864E-01 a      1333     1    20     2    13
  6.8851720279348905E-01 a      1334     1    20     2    14
  7.3789115023090246E-01 a      1335     1    20     2    15
  1.1247320618339534E+00 a      1336     1    20     2    16
  9.1289373264023266E-01 a      1337     1    20     2    17
  3.5432377179986257E-01 a      1338     1    20     2    18
  6.4322635033876785E-01 a      1339     1    20     2    19
  1.5476838844293198E-01 a      1340     1    20     2    20
  8.3566743040601599E-01 b      1341     2     1
 -3.7262588431357074E-01 b      1342     2     2
  1.6931799951074504E+00 b      1343     2     3
 -7.5230249000725580E-01 b      1344     2     4
 -1.9857271017525815E+00 b      1345     2     5
  1.3571358918142893E+00 b      1346     2     6
 -1.1124918457569593E+00 b      1347     2     7
 -4.1220774522430413E-02 b      1348     2     8
 -5.9284973168189381E-01 b      1349     2     9
 -9.1528162085689890E-01 b      1350     2    10
 -6.4682365061285996E-01 b      1351     2    11
  7.3098892520294678E-01 b      1352     2    12
 -9.6824062296045593E-02 b      1353     2    13
  7.2769554601699049E-01 b      1354     2    14
  1.1268703979724317E+00 b      1355     2    15
  2.6230678235610877E-01 b      1356     2    16
  9.6983553283086887E-01 b      1357     2    17
 -1.7803575207585807E+00 b      1358     2    18
  3.3853696648889209E-01 b      1359     2    19
 -1.8054846551594350E+00 b      1360     2    20
  1.5913009886044434E+00 a      1361     2     1     3     1
  5.0645272284687293E-01 a      1362     2     2     3     1
  1.9087363508238462E+00 a      1363     2     3     3     1
  6.4439404444379023E-01 a      1364     2     4     3     1
 -5.5462662183216960E-01 a      1365     2     5     3     1
  1.9112774217353432E+00 a      1366     2     6     3     1
 -3.5308212291874108E-01 a      1367     2     7     3     1
  8.6200351540366615E-01 a      1368     2     8     3     1
 -5.8087924749976605E-01 a      1369     2     9     3     1
  3.7352776072188926E-01 a      1370     2    10     3     1
 -1.1130231504013259E+00 a      1371     2    11     3     1
 -6.1564175840458002E-01 a      1372     2    12     3     1
  2.0817732091019154E+00 a      1373     2    13     3     1
 -1.1004493705656564E+00 a      1374     2    14     3     1
  1.2654809880924121E+00 a      1375     2    15     3     1
  1.2732244561180754E+00 a      1376     2    16     3     1
  3.1730590728558061E-01 a      1377     2    17     3     1
 -7.9412147234656638E-01 a      1378     2    18     3     1
 -1.4937412044503344E+00 a      1379     2    19     3     1
 -1.4407478331811807E+00 a      1380     2    20     3     1
  1.7123443050027127E+00 b      1381     3     1
