################################################################################
# Neural network connection values (weights and biases).
################################################################################
# Col  Name       Description
################################################################################
# 1    connection Neural network connection value.
# 2    t          Connection type (a = weight, b = bias).
# 3    index      Index enumerating weights.
# 4    l_s        Starting point layer (end point layer for biases).
# 5    n_s        Starting point neuron in starting layer (end point neuron for biases).
# 6    l_e        End point layer.
# 7    n_e        End point neuron in end layer.
################################################################################
#                      1 2         3     4     5     6     7
#             connection t     index   l_s   n_s   l_e   n_e
############################################################
 -1.2676200124205228E-01 a         1     0     1     1     1
  2.4967881636937173E-01 a         2     0     1     1     2
 -2.8328821997422893E-01 a         3     0     1     1     3
  5.6973005485300932E-01 a         4     0     1     1     4
 -2.4263738402211621E-01 a         5     0     1     1     5
 -4.0674134968929498E-01 a         6     0     1     1     6
 -3.8295372680638118E-01 a         7     0     1     1     7
 -1.6625655259977698E-01 a         8     0     1     1     8
  6.5646855791172382E-02 a         9     0     1     1     9
  3.9880519406678150E-01 a        10     0     1     1    10
  1.1773780091862582E-01 a        11     0     1     1    11
 -2.9688763044244032E-01 a        12     0     1     1    12
  1.6756228309376977E-02 a        13     0     1     1    13
 -4.4364421015162381E-01 a        14     0     1     1    14
  1.8637788685112740E-02 a        15     0     1     1    15
  1.1355462300672484E-01 a        16     0     1     1    16
  2.3798157763708305E-01 a        17     0     1     1    17
  3.2088993469461763E-01 a        18     0     1     1    18
 -5.2412187548280698E-02 a        19     0     1     1    19
  2.9870730145120189E-01 a        20     0     1     1    20
 -4.2156609839942787E-02 a        21     0     2     1     1
  2.5405019839693255E-01 a        22     0     2     1     2
  4.5902229143966342E-02 a        23     0     2     1     3
  1.9272717560066349E-01 a        24     0     2     1     4
 -1.8972542726830288E-01 a        25     0     2     1     5
 -2.8599801486871013E-01 a        26     0     2     1     6
 -3.9317798542297061E-01 a        27     0     2     1     7
  1.7574364288224073E-01 a        28     0     2     1     8
 -3.3477049359968584E-02 a        29     0     2     1     9
  7.1348204063033438E-02 a        30     0     2     1    10
  2.2185688521984159E-01 a        31     0     2     1    11
  7.1411766803629387E-02 a        32     0     2     1    12
  5.3702701917022044E-01 a        33     0     2     1    13
  1.7647069208546987E-01 a        34     0     2     1    14
  2.0118294882393953E-01 a        35     0     2     1    15
 -3.2426323520000921E-01 a        36     0     2     1    16
  2.8079667279053661E-01 a        37     0     2     1    17
 -1.7254423707344968E-01 a        38     0     2     1    18
  1.5440691475098456E-01 a        39     0     2     1    19
 -1.8128854560075852E-01 a        40     0     2     1    20
  5.8222561579871615E-02 a        41     0     3     1     1
  3.8588577995477430E-01 a        42     0     3     1     2
  1.1886911798568915E-01 a        43     0     3     1     3
 -7.6237874848627388E-02 a        44     0     3     1     4
  7.0460494804197346E-02 a        45     0     3     1     5
  2.5649516432897690E-01 a        46     0     3     1     6
 -8.7883289825371635E-02 a        47     0     3     1     7
 -1.3278561593603225E-01 a        48     0     3     1     8
 -2.5023169407802426E-01 a        49     0     3     1     9
 -6.0236240159921010E-02 a        50     0     3     1    10
 -3.3486784113674939E-01 a        51     0     3     1    11
  5.6020110087942637E-02 a        52     0     3     1    12
  2.4464918789174717E-01 a        53     0     3     1    13
  1.2763285693499068E-01 a        54     0     3     1    14
  8.3605038092103887E-02 a        55     0     3     1    15
 -2.1780863547749602E-01 a        56     0     3     1    16
 -3.0460716949975632E-02 a        57     0     3     1    17
 -1.0879983230299717E-01 a        58     0     3     1    18
  9.0514861182023662E-02 a        59     0     3     1    19
  2.5193042555695561E-01 a        60     0     3     1    20
  5.9450804749959250E-02 a        61     0     4     1     1
  5.1824515495848536E-03 a        62     0     4     1     2
  6.4607170103950595E-01 a        63     0     4     1     3
 -2.4504202517334078E-01 a        64     0     4     1     4
 -5.6687933375447370E-02 a        65     0     4     1     5
  1.9971366464711723E-01 a        66     0     4     1     6
  2.8888485957781246E-01 a        67     0     4     1     7
 -3.5688450729760207E-01 a        68     0     4     1     8
 -2.2753387389146240E-01 a        69     0     4     1     9
 -8.5142686324268413E-01 a        70     0     4     1    10
 -5.0718289426144958E-01 a        71     0     4     1    11
 -4.0791294831290392E-01 a        72     0     4     1    12
 -4.4583713406391827E-02 a        73     0     4     1    13
  2.7691525996440633E-02 a        74     0     4     1    14
  9.4588558589200570E-03 a        75     0     4     1    15
  1.3258749521574670E-01 a        76     0     4     1    16
  5.7768161060808898E-02 a        77     0     4     1    17
  7.1546532933707635E-02 a        78     0     4     1    18
 -4.8748622777282469E-01 a        79     0     4     1    19
  1.3173433392615530E-01 a        80     0     4     1    20
  5.2705934196108480E-02 a        81     0     5     1     1
 -5.6665804244517570E-01 a        82     0     5     1     2
  4.7573509929980135E-01 a        83     0     5     1     3
 -5.3584955465673978E-01 a        84     0     5     1     4
  2.6071983014405059E-01 a        85     0     5     1     5
 -6.1939887765355439E-01 a        86     0     5     1     6
  1.5248467919135514E-01 a        87     0     5     1     7
 -1.5975765928441846E-01 a        88     0     5     1     8
  1.4351561450114558E-01 a        89     0     5     1     9
 -9.2621213001320812E-02 a        90     0     5     1    10
 -3.9139869032087904E-01 a        91     0     5     1    11
 -3.8139620744815617E-01 a        92     0     5     1    12
 -3.8032735342704083E-01 a        93     0     5     1    13
 -3.0350190309123459E-03 a        94     0     5     1    14
 -3.7515028845993037E-01 a        95     0     5     1    15
  5.0667772486903934E-02 a        96     0     5     1    16
  1.8036987755313189E-01 a        97     0     5     1    17
 -1.6492409345095879E-01 a        98     0     5     1    18
  4.7825420722297657E-01 a        99     0     5     1    19
  4.1966716350422839E-01 a       100     0     5     1    20
  3.4130092572720683E-01 a       101     0     6     1     1
 -3.6492203697784414E-01 a       102     0     6     1     2
  8.1474787016060624E-01 a       103     0     6     1     3
 -1.8854367065430327E-01 a       104     0     6     1     4
  4.8999737676422922E-01 a       105     0     6     1     5
  4.4925085748697052E-02 a       106     0     6     1     6
  1.0009080196026232E+00 a       107     0     6     1     7
 -4.7289797730906379E-02 a       108     0     6     1     8
  1.7762563203778450E-01 a       109     0     6     1     9
 -7.7192052196906480E-01 a       110     0     6     1    10
 -9.0222995794140326E-01 a       111     0     6     1    11
 -3.7406067838469997E-01 a       112     0     6     1    12
  1.1145588062555599E-01 a       113     0     6     1    13
  6.1607438886168020E-01 a       114     0     6     1    14
  1.4376173411794418E-01 a       115     0     6     1    15
 -5.3501735067455980E-01 a       116     0     6     1    16
  1.2244944860453741E-01 a       117     0     6     1    17
 -4.4717579366124105E-01 a       118     0     6     1    18
  3.0783183938586278E-01 a       119     0     6     1    19
  2.3724258891796657E-01 a       120     0     6     1    20
  4.2234911521460423E-02 a       121     0     7     1     1
  1.0989552452820922E-01 a       122     0     7     1     2
  2.0896585402994008E-01 a       123     0     7     1     3
 -3.1785393785121291E-01 a       124     0     7     1     4
 -3.1348875983810659E-01 a       125     0     7     1     5
  1.8928852530103776E-01 a       126     0     7     1     6
 -1.0325501158715993E+00 a       127     0     7     1     7
  1.9547299440436164E-01 a       128     0     7     1     8
 -1.1774098025258445E-02 a       129     0     7     1     9
  8.3058844851193703E-01 a       130     0     7     1    10
  8.3104553644922652E-01 a       131     0     7     1    11
  5.8367905143326493E-01 a       132     0     7     1    12
  7.6894389144633063E-02 a       133     0     7     1    13
  3.3835304153932733E-01 a       134     0     7     1    14
  3.8834033007618002E-01 a       135     0     7     1    15
  1.3954443454285292E+00 a       136     0     7     1    16
  3.2249167637340752E-02 a       137     0     7     1    17
  7.1416045786548268E-02 a       138     0     7     1    18
 -5.9041859749074312E-02 a       139     0     7     1    19
  3.3746528029999556E-01 a       140     0     7     1    20
  2.1560862620527338E-02 a       141     0     8     1     1
 -1.9709429618306520E-01 a       142     0     8     1     2
 -1.9917213702002896E-02 a       143     0     8     1     3
 -4.6725926169813714E-01 a       144     0     8     1     4
  1.6955459976890563E-01 a       145     0     8     1     5
 -4.0168746101573055E-01 a       146     0     8     1     6
  4.2536365522260694E-01 a       147     0     8     1     7
 -2.8584466329805447E-01 a       148     0     8     1     8
 -8.6662498158022433E-02 a       149     0     8     1     9
 -5.3077729390564354E-01 a       150     0     8     1    10
  5.0700968616104410E-02 a       151     0     8     1    11
 -3.3490233137269382E-01 a       152     0     8     1    12
  7.5360801444604414E-02 a       153     0     8     1    13
 -2.5782273004620904E-01 a       154     0     8     1    14
  2.3183692086671798E-01 a       155     0     8     1    15
 -8.3482973859874576E-01 a       156     0     8     1    16
 -1.4689672996417164E-01 a       157     0     8     1    17
  8.6731210561005495E-02 a       158     0     8     1    18
  1.2701384883095032E-01 a       159     0     8     1    19
 -2.9450209577057029E-01 a       160     0     8     1    20
  2.0074574806824780E-01 a       161     0     9     1     1
  2.9156912089156134E-01 a       162     0     9     1     2
 -1.4396060409543830E-02 a       163     0     9     1     3
  3.9326225162213663E-01 a       164     0     9     1     4
  1.4189485654666345E-01 a       165     0     9     1     5
 -1.1009922048400494E-01 a       166     0     9     1     6
  3.9193057417554539E-01 a       167     0     9     1     7
 -5.6200755006649353E-02 a       168     0     9     1     8
  3.4910993050197500E-03 a       169     0     9     1     9
  4.8839344838100138E-02 a       170     0     9     1    10
  2.5756949896656611E-01 a       171     0     9     1    11
  1.6117362629927443E-02 a       172     0     9     1    12
  4.0490634165161310E-01 a       173     0     9     1    13
  1.5863356027014550E-01 a       174     0     9     1    14
 -5.7795381545607823E-02 a       175     0     9     1    15
  4.4210838217793608E-01 a       176     0     9     1    16
 -3.2955886054752637E-01 a       177     0     9     1    17
 -3.0427972950546863E-03 a       178     0     9     1    18
 -1.3331363164603660E-01 a       179     0     9     1    19
  5.9817237632063799E-02 a       180     0     9     1    20
 -2.4055960652033131E-01 a       181     0    10     1     1
 -1.9138473972506923E-01 a       182     0    10     1     2
  2.6526319726531999E-01 a       183     0    10     1     3
  6.9605265553308371E-02 a       184     0    10     1     4
 -5.3627769284419446E-01 a       185     0    10     1     5
  5.5153743168368803E-02 a       186     0    10     1     6
  1.7012873318213675E-02 a       187     0    10     1     7
 -2.4865342074575505E-01 a       188     0    10     1     8
  2.4209546260679188E-01 a       189     0    10     1     9
 -4.9009949361466548E-01 a       190     0    10     1    10
 -1.6501998583569502E-01 a       191     0    10     1    11
 -4.8421660049369063E-02 a       192     0    10     1    12
 -1.9856359074017549E-01 a       193     0    10     1    13
 -2.0011636898672569E-01 a       194     0    10     1    14
  1.0625848834333045E-01 a       195     0    10     1    15
  5.7235627936654143E-01 a       196     0    10     1    16
 -2.8329997090749076E-01 a       197     0    10     1    17
  1.9557965853656242E-01 a       198     0    10     1    18
  5.2617839907429884E-03 a       199     0    10     1    19
  1.7755326806527830E-01 a       200     0    10     1    20
  3.5990304975428683E-01 a       201     0    11     1     1
  7.2599901662035365E-02 a       202     0    11     1     2
 -1.5212297899229427E-01 a       203     0    11     1     3
  2.1650499481973781E-01 a       204     0    11     1     4
  1.6996627598915018E-01 a       205     0    11     1     5
  1.2647563221067921E-02 a       206     0    11     1     6
 -2.3223467889531413E-01 a       207     0    11     1     7
 -5.6506628041976805E-03 a       208     0    11     1     8
 -2.1833396992504664E-01 a       209     0    11     1     9
  3.7912619895185884E-01 a       210     0    11     1    10
  1.3663441842671459E-01 a       211     0    11     1    11
 -3.1435063904015115E-01 a       212     0    11     1    12
 -3.4588390900264819E-03 a       213     0    11     1    13
 -1.2218481249307002E-02 a       214     0    11     1    14
  2.7449984936468053E-01 a       215     0    11     1    15
 -1.5231978546066385E-01 a       216     0    11     1    16
  2.7027577407659364E-01 a       217     0    11     1    17
 -3.8066970520919990E-01 a       218     0    11     1    18
 -1.0804370245592552E-01 a       219     0    11     1    19
  2.6941745244166848E-01 a       220     0    11     1    20
 -2.3229321059801072E-01 a       221     0    12     1     1
  5.9388548327946503E-02 a       222     0    12     1     2
 -4.0588778835960251E-02 a       223     0    12     1     3
 -4.3040838573787876E-01 a       224     0    12     1     4
  1.0760289850784584E-01 a       225     0    12     1     5
  3.7019522492919105E-01 a       226     0    12     1     6
 -2.8423489762800763E-01 a       227     0    12     1     7
 -4.0510586526099418E-01 a       228     0    12     1     8
 -3.9322214517831355E-01 a       229     0    12     1     9
  3.3407281956851775E-01 a       230     0    12     1    10
 -3.6326211588033891E-01 a       231     0    12     1    11
  1.3935832885883698E-01 a       232     0    12     1    12
 -5.5222655858873160E-01 a       233     0    12     1    13
  1.4549567592694831E-03 a       234     0    12     1    14
  3.0767648010489305E-02 a       235     0    12     1    15
  1.3035898061852133E-01 a       236     0    12     1    16
  6.2314526660785308E-01 a       237     0    12     1    17
  3.7010086319684950E-02 a       238     0    12     1    18
  1.2146047282464699E-01 a       239     0    12     1    19
 -2.0064956865711212E-01 a       240     0    12     1    20
  4.4559988751249502E-01 a       241     0    13     1     1
  2.2698806428847486E-03 a       242     0    13     1     2
  2.9937615979188437E-01 a       243     0    13     1     3
  6.6772584335964258E-01 a       244     0    13     1     4
 -4.3290684537126495E-01 a       245     0    13     1     5
 -4.2726040338115896E-02 a       246     0    13     1     6
 -2.9224849287701804E-01 a       247     0    13     1     7
 -4.5860128547830481E-01 a       248     0    13     1     8
  5.3181838587356467E-01 a       249     0    13     1     9
  6.7412798699886689E-01 a       250     0    13     1    10
  1.9727351438236815E-01 a       251     0    13     1    11
 -2.7355256041787290E-01 a       252     0    13     1    12
 -4.4829013854101724E-01 a       253     0    13     1    13
 -2.6537860984042133E-01 a       254     0    13     1    14
 -5.5440301458565810E-01 a       255     0    13     1    15
  4.2339454661428549E-01 a       256     0    13     1    16
 -7.5628479428065956E-02 a       257     0    13     1    17
  5.1964863155624159E-02 a       258     0    13     1    18
 -3.5811153609843055E-03 a       259     0    13     1    19
  7.3315585335603040E-01 a       260     0    13     1    20
 -1.8205867564887482E-01 a       261     0    14     1     1
  2.5495167373434013E-01 a       262     0    14     1     2
  4.0339419025560173E-02 a       263     0    14     1     3
 -4.2914711681357326E-01 a       264     0    14     1     4
  5.5289956954302999E-01 a       265     0    14     1     5
  8.9198438701951988E-01 a       266     0    14     1     6
 -1.6775627713682240E-01 a       267     0    14     1     7
  1.0724239568537020E-01 a       268     0    14     1     8
  1.9275998231497443E-01 a       269     0    14     1     9
 -6.3556505718939993E-01 a       270     0    14     1    10
  1.7104352644466275E-01 a       271     0    14     1    11
  9.5420093815529572E-02 a       272     0    14     1    12
  5.1197852886324879E-01 a       273     0    14     1    13
 -7.8672737530345385E-03 a       274     0    14     1    14
 -8.8489740787726257E-02 a       275     0    14     1    15
 -1.9023540154768862E-01 a       276     0    14     1    16
  2.5768629273049039E-02 a       277     0    14     1    17
  3.9225942665147245E-01 a       278     0    14     1    18
 -3.0087511575629988E-01 a       279     0    14     1    19
 -6.0577108054891138E-01 a       280     0    14     1    20
 -5.1306935310115409E-01 a       281     0    15     1     1
 -2.1526164955552968E-01 a       282     0    15     1     2
 -2.7430496184045439E-01 a       283     0    15     1     3
 -5.1259088190452295E-01 a       284     0    15     1     4
  2.6719488076194658E-01 a       285     0    15     1     5
  2.4433087830936448E-01 a       286     0    15     1     6
  1.2630095965323127E-01 a       287     0    15     1     7
  6.3272094991840083E-02 a       288     0    15     1     8
  1.4677208489411650E-01 a       289     0    15     1     9
 -2.8946794079410154E-01 a       290     0    15     1    10
 -2.6048027381731183E-02 a       291     0    15     1    11
  8.2898990502995443E-02 a       292     0    15     1    12
  9.8009950878003849E-02 a       293     0    15     1    13
 -1.6623124580952559E-01 a       294     0    15     1    14
 -1.2823406427351913E-01 a       295     0    15     1    15
 -7.7309910585305441E-01 a       296     0    15     1    16
 -5.8008901693365006E-02 a       297     0    15     1    17
 -4.6205316479420733E-01 a       298     0    15     1    18
 -1.6318819825905412E-01 a       299     0    15     1    19
 -1.4865803953219159E-01 a       300     0    15     1    20
  7.4854188798949239E-01 a       301     0    16     1     1
  4.2754339495895533E-01 a       302     0    16     1     2
  3.0499442850757874E-01 a       303     0    16     1     3
  5.4522513075407057E-02 a       304     0    16     1     4
 -1.9066109882719087E-01 a       305     0    16     1     5
 -1.7390329536032576E+00 a       306     0    16     1     6
  1.4849513169223985E-01 a       307     0    16     1     7
  3.8347677086673373E-02 a       308     0    16     1     8
  1.8085589633416871E-01 a       309     0    16     1     9
 -1.3873112087403486E-01 a       310     0    16     1    10
 -1.0086548265245877E-01 a       311     0    16     1    11
  4.4712640696176259E-01 a       312     0    16     1    12
 -2.9202109981560753E-02 a       313     0    16     1    13
 -3.5791351966453951E-02 a       314     0    16     1    14
 -1.8203286843211605E-01 a       315     0    16     1    15
  1.1312345227356678E-01 a       316     0    16     1    16
  2.8365666120366417E-01 a       317     0    16     1    17
  1.9374819158643861E-01 a       318     0    16     1    18
  4.1200533205745143E-01 a       319     0    16     1    19
 -3.9728505166395689E-01 a       320     0    16     1    20
 -7.9332654079569187E-02 a       321     0    17     1     1
 -7.6063726117687880E-01 a       322     0    17     1     2
 -6.1099340188520267E-03 a       323     0    17     1     3
  5.1063977568518576E-02 a       324     0    17     1     4
  7.0919843217811063E-01 a       325     0    17     1     5
  1.4210548671112433E+00 a       326     0    17     1     6
  1.3095053735928966E-01 a       327     0    17     1     7
 -3.3809494397882117E-01 a       328     0    17     1     8
 -1.7625962165186426E-01 a       329     0    17     1     9
  4.9477575287320280E-01 a       330     0    17     1    10
  4.3499080475639651E-01 a       331     0    17     1    11
 -7.6099774870563197E-01 a       332     0    17     1    12
  1.9156034516997078E-01 a       333     0    17     1    13
  5.0669405447607285E-01 a       334     0    17     1    14
  6.4045638321207732E-01 a       335     0    17     1    15
  3.5174003847824503E-01 a       336     0    17     1    16
 -3.1552579999479657E-01 a       337     0    17     1    17
 -1.4003114268291009E-01 a       338     0    17     1    18
 -4.1054100537607868E-01 a       339     0    17     1    19
  5.4839321010814179E-01 a       340     0    17     1    20
 -8.2465125282513485E-01 a       341     0    18     1     1
  3.5867444160285517E-01 a       342     0    18     1     2
 -2.7006363314977766E-01 a       343     0    18     1     3
 -6.9406171719817764E-02 a       344     0    18     1     4
  5.7780110325590384E-01 a       345     0    18     1     5
  4.1255707267172592E-01 a       346     0    18     1     6
  5.4707558510819287E-01 a       347     0    18     1     7
  3.7219633174091848E-01 a       348     0    18     1     8
  2.8112326920557951E-01 a       349     0    18     1     9
 -4.0031709657805176E-01 a       350     0    18     1    10
  3.1845571110353865E-01 a       351     0    18     1    11
 -2.7781556619986287E-02 a       352     0    18     1    12
  1.6232122450624184E-01 a       353     0    18     1    13
  9.2568266803211813E-02 a       354     0    18     1    14
  5.0243662884556750E-01 a       355     0    18     1    15
 -5.7912038134535312E-02 a       356     0    18     1    16
  2.5896403861548545E-01 a       357     0    18     1    17
  2.0866750538532267E-02 a       358     0    18     1    18
 -8.3293413605501054E-01 a       359     0    18     1    19
 -7.2326962378343337E-02 a       360     0    18     1    20
  3.0644077509278222E-01 a       361     0    19     1     1
  2.8334368268436044E-01 a       362     0    19     1     2
 -9.0573246318761610E-02 a       363     0    19     1     3
  2.3998956519712455E-01 a       364     0    19     1     4
 -4.0264791487177071E-01 a       365     0    19     1     5
 -3.8146020533276864E-01 a       366     0    19     1     6
 -5.8925170634662927E-01 a       367     0    19     1     7
  3.3673579155345301E-01 a       368     0    19     1     8
 -9.0495643668408798E-01 a       369     0    19     1     9
  8.5851653433841435E-02 a       370     0    19     1    10
 -3.7357519602870159E-01 a       371     0    19     1    11
  3.8060494230741995E-02 a       372     0    19     1    12
 -7.7413509003244341E-01 a       373     0    19     1    13
 -2.6155556470333691E-01 a       374     0    19     1    14
 -7.8979933970524030E-01 a       375     0    19     1    15
  3.1867313473448494E-01 a       376     0    19     1    16
 -9.9345297780354488E-02 a       377     0    19     1    17
  1.7728707297647944E-01 a       378     0    19     1    18
  6.5594038895198137E-01 a       379     0    19     1    19
 -8.6380715430575883E-01 a       380     0    19     1    20
 -1.0445128743033551E-02 a       381     0    20     1     1
 -7.9056111887011993E-01 a       382     0    20     1     2
  4.7443875015867876E-01 a       383     0    20     1     3
  1.8231049367635035E-01 a       384     0    20     1     4
  1.9977150316947331E-01 a       385     0    20     1     5
  1.1113511474707201E+00 a       386     0    20     1     6
  2.4954750776217346E-01 a       387     0    20     1     7
 -2.4033153063300886E-01 a       388     0    20     1     8
  1.3231208288587384E-01 a       389     0    20     1     9
  4.2107225969868040E-01 a       390     0    20     1    10
  2.4573028401457606E-01 a       391     0    20     1    11
 -3.7127844967922108E-01 a       392     0    20     1    12
  2.9884641773733306E-01 a       393     0    20     1    13
 -4.1767810231351543E-01 a       394     0    20     1    14
 -2.8830287344105497E-02 a       395     0    20     1    15
 -2.5808549628527211E-01 a       396     0    20     1    16
 -4.1009067831636541E-02 a       397     0    20     1    17
 -6.8421554128683049E-01 a       398     0    20     1    18
 -8.1971438688949261E-01 a       399     0    20     1    19
  1.8382187236129818E-01 a       400     0    20     1    20
 -2.4093762835248292E-01 a       401     0    21     1     1
  1.0567761733904170E-01 a       402     0    21     1     2
 -2.8946549338989414E-01 a       403     0    21     1     3
 -2.0122870857913050E-01 a       404     0    21     1     4
 -7.3662246370349049E-01 a       405     0    21     1     5
 -3.9598182078441396E-01 a       406     0    21     1     6
 -2.5304633323737097E-01 a       407     0    21     1     7
  6.3255899249587627E-03 a       408     0    21     1     8
 -9.2117822412144348E-02 a       409     0    21     1     9
 -7.3653466802083969E-02 a       410     0    21     1    10
  1.3448629040861657E-01 a       411     0    21     1    11
  4.5752235361937849E-01 a       412     0    21     1    12
  3.1531993154093646E-01 a       413     0    21     1    13
 -4.8000872616185919E-01 a       414     0    21     1    14
 -2.5617877818655471E-01 a       415     0    21     1    15
 -3.9416832654684286E-01 a       416     0    21     1    16
 -5.6994840618367937E-01 a       417     0    21     1    17
  1.8536426230559833E-01 a       418     0    21     1    18
 -9.4061033793485002E-02 a       419     0    21     1    19
 -3.8131345833652082E-02 a       420     0    21     1    20
  1.1795916512545572E+00 a       421     0    22     1     1
 -6.3781479402476915E-01 a       422     0    22     1     2
 -4.1297201472930783E-02 a       423     0    22     1     3
  6.2648948260365578E-01 a       424     0    22     1     4
  2.4154475620225144E-01 a       425     0    22     1     5
 -1.2455492753838578E-01 a       426     0    22     1     6
 -6.2992360707855855E-01 a       427     0    22     1     7
  3.9164489918798756E-01 a       428     0    22     1     8
  5.4982893554886592E-01 a       429     0    22     1     9
 -8.9125103495030805E-02 a       430     0    22     1    10
  4.7118890013848738E-02 a       431     0    22     1    11
  7.3136719491875219E-03 a       432     0    22     1    12
  3.0206006379941541E-01 a       433     0    22     1    13
  1.9099037333010469E-02 a       434     0    22     1    14
 -7.1633416696176289E-01 a       435     0    22     1    15
 -1.6939425359593174E-01 a       436     0    22     1    16
  2.5700841905599164E-01 a       437     0    22     1    17
  5.1589947179667317E-01 a       438     0    22     1    18
  2.3292020712579142E-01 a       439     0    22     1    19
 -5.0952972997661650E-01 a       440     0    22     1    20
 -2.7198374854525997E-01 a       441     0    23     1     1
 -6.1159137599045699E-01 a       442     0    23     1     2
 -1.2382505129732486E-01 a       443     0    23     1     3
 -1.0937601230157670E+00 a       444     0    23     1     4
  5.7489420153538573E-01 a       445     0    23     1     5
  4.4475010713430713E-01 a       446     0    23     1     6
  5.6105308006906252E-01 a       447     0    23     1     7
  1.2012264736253256E-01 a       448     0    23     1     8
  7.4205781019944550E-01 a       449     0    23     1     9
  1.4822755202935628E-01 a       450     0    23     1    10
 -2.5994459274748261E-01 a       451     0    23     1    11
  5.9307575881512392E-02 a       452     0    23     1    12
  1.0168913955041337E-01 a       453     0    23     1    13
  4.3881735475603073E-01 a       454     0    23     1    14
  7.5167169157790004E-01 a       455     0    23     1    15
 -1.0513035577862373E-01 a       456     0    23     1    16
  2.6296724764391355E-01 a       457     0    23     1    17
 -3.3540462579837166E-01 a       458     0    23     1    18
  7.2870077189769644E-01 a       459     0    23     1    19
  9.8623596620354881E-01 a       460     0    23     1    20
  2.4674970415055358E-01 a       461     0    24     1     1
 -1.9739052034890459E-01 a       462     0    24     1     2
  1.5645465036885836E-01 a       463     0    24     1     3
  3.5473139805264309E-01 a       464     0    24     1     4
  2.0078607801469991E-01 a       465     0    24     1     5
 -1.3267837280240563E-01 a       466     0    24     1     6
  4.9788802795709941E-01 a       467     0    24     1     7
 -4.3560763331650473E-02 a       468     0    24     1     8
  4.7403690158538447E-01 a       469     0    24     1     9
  1.5524018176800850E-01 a       470     0    24     1    10
  2.0289467908477168E-01 a       471     0    24     1    11
 -5.0983281737937459E-03 a       472     0    24     1    12
 -1.4888376820943125E-01 a       473     0    24     1    13
 -1.8403086727018136E-01 a       474     0    24     1    14
 -4.7664955262134667E-01 a       475     0    24     1    15
 -5.8713400329368580E-02 a       476     0    24     1    16
  4.2110923178455190E-01 a       477     0    24     1    17
 -3.9621652342728853E-01 a       478     0    24     1    18
 -3.7510792996955152E-02 a       479     0    24     1    19
 -2.2385746254131714E-01 a       480     0    24     1    20
 -7.1514236621115401E-01 a       481     0    25     1     1
 -1.5743825851163967E-01 a       482     0    25     1     2
 -5.2098108319203085E-01 a       483     0    25     1     3
  3.9967081345392075E-01 a       484     0    25     1     4
  2.9134426183266122E-03 a       485     0    25     1     5
  8.9851938827212408E-01 a       486     0    25     1     6
  7.5040371366375214E-01 a       487     0    25     1     7
 -3.6611592902708379E-01 a       488     0    25     1     8
 -2.4088892732226574E-01 a       489     0    25     1     9
  8.1034805593869094E-02 a       490     0    25     1    10
 -1.8737874522429657E-01 a       491     0    25     1    11
  6.7423556962579878E-01 a       492     0    25     1    12
  3.7981010441673513E-02 a       493     0    25     1    13
 -6.1724889770258051E-01 a       494     0    25     1    14
 -8.0204914530019944E-01 a       495     0    25     1    15
 -7.3672021540235444E-01 a       496     0    25     1    16
 -6.1999195918665917E-01 a       497     0    25     1    17
 -2.2783441459932269E-01 a       498     0    25     1    18
 -1.2460628693851729E-01 a       499     0    25     1    19
 -1.9391533372514752E-01 a       500     0    25     1    20
  1.1338544369537328E-01 a       501     0    26     1     1
 -7.6495477601048423E-01 a       502     0    26     1     2
  3.5138688301639565E-01 a       503     0    26     1     3
 -2.8230519375250662E-01 a       504     0    26     1     4
  5.6837371059875919E-01 a       505     0    26     1     5
 -7.7957522002820001E-01 a       506     0    26     1     6
  4.7002678110322027E-01 a       507     0    26     1     7
  6.8454856944127118E-01 a       508     0    26     1     8
 -3.2483425908641012E-01 a       509     0    26     1     9
 -1.7069259196201611E-01 a       510     0    26     1    10
 -5.3051980797418674E-01 a       511     0    26     1    11
  1.7706198880109922E-01 a       512     0    26     1    12
  5.8476752468372983E-01 a       513     0    26     1    13
 -1.0723909689461392E-01 a       514     0    26     1    14
  1.8472867511452129E-01 a       515     0    26     1    15
 -7.5600941311730296E-01 a       516     0    26     1    16
  1.7064650776189536E-01 a       517     0    26     1    17
  4.7241739785663150E-02 a       518     0    26     1    18
 -1.1409531719566141E-01 a       519     0    26     1    19
 -5.1018539187399559E-01 a       520     0    26     1    20
  2.3157206324976573E-01 a       521     0    27     1     1
 -5.7539699346934892E-01 a       522     0    27     1     2
  3.4532581690434427E-01 a       523     0    27     1     3
 -6.1033956790052567E-03 a       524     0    27     1     4
  3.8531495569852597E-01 a       525     0    27     1     5
  2.8786297202322780E-01 a       526     0    27     1     6
 -1.3792264316498233E+00 a       527     0    27     1     7
  2.2860272023946523E-01 a       528     0    27     1     8
 -6.3885171080072389E-01 a       529     0    27     1     9
 -1.3195399141164391E-01 a       530     0    27     1    10
  4.2270596844436119E-02 a       531     0    27     1    11
  4.8320431785932688E-01 a       532     0    27     1    12
 -5.3617414724179013E-01 a       533     0    27     1    13
 -1.8634647264091492E-02 a       534     0    27     1    14
  5.9920637890305761E-01 a       535     0    27     1    15
  2.1686721191096262E-01 a       536     0    27     1    16
 -3.7694375759490145E-01 a       537     0    27     1    17
  3.4078229293849176E-02 a       538     0    27     1    18
  1.1514480258801059E-01 a       539     0    27     1    19
 -5.1144747971737647E-01 a       540     0    27     1    20
  3.8331593721449064E-01 a       541     0    28     1     1
  4.2280622263825444E-02 a       542     0    28     1     2
 -2.1624391064817991E-01 a       543     0    28     1     3
  3.9720643185748239E-01 a       544     0    28     1     4
  5.2686033550646515E-02 a       545     0    28     1     5
 -3.6540199697802361E-01 a       546     0    28     1     6
 -4.0939889521999828E-01 a       547     0    28     1     7
  4.3015862705467089E-02 a       548     0    28     1     8
 -4.2074150541692268E-01 a       549     0    28     1     9
 -4.3581095943874902E-02 a       550     0    28     1    10
 -3.1426426858304168E-01 a       551     0    28     1    11
  2.8019126795379767E-01 a       552     0    28     1    12
 -2.3930611289348183E-01 a       553     0    28     1    13
  2.5165778356404106E-01 a       554     0    28     1    14
  3.5308882401266611E-01 a       555     0    28     1    15
 -3.8601189581687907E-02 a       556     0    28     1    16
  2.8068800209005384E-02 a       557     0    28     1    17
  5.1835580541412518E-01 a       558     0    28     1    18
  3.7978622930440886E-01 a       559     0    28     1    19
 -1.8077246338612735E-01 a       560     0    28     1    20
 -3.1492385174457721E-01 a       561     0    29     1     1
  5.6567682291841748E-01 a       562     0    29     1     2
 -7.2539387203194627E-01 a       563     0    29     1     3
 -1.4819567012926224E-01 a       564     0    29     1     4
 -1.2437645401620337E-02 a       565     0    29     1     5
  1.1902036427477405E-01 a       566     0    29     1     6
  2.4473138826451555E-02 a       567     0    29     1     7
  5.1814191437007362E-01 a       568     0    29     1     8
  5.6078281264813457E-01 a       569     0    29     1     9
 -3.1029619679219211E-01 a       570     0    29     1    10
 -2.4300718270118368E-01 a       571     0    29     1    11
  1.6162485182106678E-01 a       572     0    29     1    12
  1.4789343609697383E-01 a       573     0    29     1    13
 -2.5673136472545008E-03 a       574     0    29     1    14
  4.2288383627640876E-02 a       575     0    29     1    15
  4.4477695571958492E-02 a       576     0    29     1    16
  2.5302292747327432E-01 a       577     0    29     1    17
  7.0791271859378768E-01 a       578     0    29     1    18
 -1.5291813165559751E-01 a       579     0    29     1    19
 -1.0245220277002699E-01 a       580     0    29     1    20
  2.3454764446986193E-01 a       581     0    30     1     1
  2.0904183315085201E-01 a       582     0    30     1     2
  2.3809738718097283E-02 a       583     0    30     1     3
  2.1244278725644267E-01 a       584     0    30     1     4
 -4.8716572188414342E-01 a       585     0    30     1     5
  2.7146507362832847E-02 a       586     0    30     1     6
 -2.2394260749487699E-01 a       587     0    30     1     7
  4.8874850974829709E-01 a       588     0    30     1     8
 -1.8575416657351429E-01 a       589     0    30     1     9
  8.5160690799826644E-01 a       590     0    30     1    10
  2.1586231106627390E-01 a       591     0    30     1    11
 -1.1681653845107656E-01 a       592     0    30     1    12
  2.0922811162629465E-01 a       593     0    30     1    13
 -1.4304461270825466E-01 a       594     0    30     1    14
 -3.3182941938384664E-01 a       595     0    30     1    15
  5.2656411744113694E-02 a       596     0    30     1    16
 -1.8756715724613671E-01 a       597     0    30     1    17
 -6.4557185757835966E-01 a       598     0    30     1    18
 -2.0890563753829822E-01 a       599     0    30     1    19
  4.1040533604827761E-02 a       600     0    30     1    20
 -7.9337945486463377E-02 a       601     0    31     1     1
 -3.4226776115294982E-01 a       602     0    31     1     2
 -5.0214788383369269E-01 a       603     0    31     1     3
 -1.7531280220970277E-01 a       604     0    31     1     4
 -6.0991635506270137E-01 a       605     0    31     1     5
 -7.4385501433945611E-01 a       606     0    31     1     6
  2.0137628490994766E-01 a       607     0    31     1     7
 -4.3756604668611632E-01 a       608     0    31     1     8
 -3.7246504732938129E-01 a       609     0    31     1     9
  4.4934245630716285E-01 a       610     0    31     1    10
  1.0641633275005563E-01 a       611     0    31     1    11
  4.3453288388536759E-01 a       612     0    31     1    12
  4.1403371983647785E-01 a       613     0    31     1    13
  9.4192538240967114E-02 a       614     0    31     1    14
  2.6734560620086112E-02 a       615     0    31     1    15
  6.7935850246585783E-01 a       616     0    31     1    16
 -3.2648727882912332E-01 a       617     0    31     1    17
 -8.6137006299901231E-01 a       618     0    31     1    18
  1.7601822344183171E-02 a       619     0    31     1    19
  5.9116923338198247E-03 a       620     0    31     1    20
 -5.8922609208878518E-01 a       621     0    32     1     1
  1.1527786947581110E-01 a       622     0    32     1     2
 -2.1278941400958692E-01 a       623     0    32     1     3
  1.0533006543936399E-01 a       624     0    32     1     4
  1.5210758159646379E-01 a       625     0    32     1     5
  3.6225702483559358E-01 a       626     0    32     1     6
  4.8211491952456587E-01 a       627     0    32     1     7
  1.4015149715457612E-01 a       628     0    32     1     8
 -7.3611706788034370E-01 a       629     0    32     1     9
 -1.0442234702355047E-01 a       630     0    32     1    10
  8.5786545461743972E-03 a       631     0    32     1    11
  8.6833197450842292E-01 a       632     0    32     1    12
  5.8143270320275842E-01 a       633     0    32     1    13
  2.9947607009834504E-01 a       634     0    32     1    14
 -1.7540714881867051E-02 a       635     0    32     1    15
  4.2488730434591065E-01 a       636     0    32     1    16
 -7.3857747002938601E-01 a       637     0    32     1    17
 -2.8327297791787148E-01 a       638     0    32     1    18
  8.6815094188118072E-02 a       639     0    32     1    19
  4.0570186004575076E-01 a       640     0    32     1    20
  6.4036478444418399E-01 a       641     0    33     1     1
  9.6806597376203160E-02 a       642     0    33     1     2
 -2.0508908357163796E-01 a       643     0    33     1     3
  1.9529139657536379E-01 a       644     0    33     1     4
 -1.7618622077381840E-01 a       645     0    33     1     5
 -4.3537264212814641E-01 a       646     0    33     1     6
 -3.6336495755315008E-02 a       647     0    33     1     7
  4.0577415173522141E-01 a       648     0    33     1     8
  2.8725391169674880E-01 a       649     0    33     1     9
  1.2446267978204011E-01 a       650     0    33     1    10
 -4.0230622675758065E-01 a       651     0    33     1    11
 -2.0286211562777337E-01 a       652     0    33     1    12
  4.1073973318984014E-01 a       653     0    33     1    13
 -3.4870324790840540E-01 a       654     0    33     1    14
  3.2009751152053229E-01 a       655     0    33     1    15
 -1.9719069532127143E-01 a       656     0    33     1    16
  1.8059962951707953E-01 a       657     0    33     1    17
  4.0744876165490024E-01 a       658     0    33     1    18
  6.1405321280632169E-02 a       659     0    33     1    19
  1.7352121784972918E-01 a       660     0    33     1    20
 -8.8872011663082451E-02 a       661     0    34     1     1
  1.2797553943698617E-01 a       662     0    34     1     2
 -1.1198374082951634E-01 a       663     0    34     1     3
  3.0276990051017344E-01 a       664     0    34     1     4
  1.0724407858590053E-01 a       665     0    34     1     5
  1.9283568996074987E-01 a       666     0    34     1     6
 -2.3129783601972975E-01 a       667     0    34     1     7
  5.5401384045645874E-01 a       668     0    34     1     8
 -6.1000323221327124E-01 a       669     0    34     1     9
  3.8322329876718975E-01 a       670     0    34     1    10
 -4.4109344946211776E-01 a       671     0    34     1    11
  3.7349953090879040E-01 a       672     0    34     1    12
  2.4144057339450886E-01 a       673     0    34     1    13
  2.0183379722050465E-01 a       674     0    34     1    14
  2.8457983873497777E-01 a       675     0    34     1    15
  3.0326960739681758E-01 a       676     0    34     1    16
 -4.0547632519477445E-01 a       677     0    34     1    17
  7.7032199393152345E-01 a       678     0    34     1    18
  2.6078745317484769E-01 a       679     0    34     1    19
  5.4181418186239227E-01 a       680     0    34     1    20
  5.5472900667324676E-01 a       681     0    35     1     1
 -2.1535814756658703E-01 a       682     0    35     1     2
  1.2505753103045332E+00 a       683     0    35     1     3
  9.8388990081885577E-02 a       684     0    35     1     4
 -1.2255324151147180E-01 a       685     0    35     1     5
 -3.9888058513269355E-02 a       686     0    35     1     6
  9.5874414120349957E-02 a       687     0    35     1     7
 -4.4181187195378691E-01 a       688     0    35     1     8
  5.2042265202873828E-01 a       689     0    35     1     9
 -1.0548595792958204E+00 a       690     0    35     1    10
 -1.5127661835940018E-01 a       691     0    35     1    11
 -9.9762496917004539E-01 a       692     0    35     1    12
 -7.7559255717672315E-01 a       693     0    35     1    13
 -4.6843234984626692E-01 a       694     0    35     1    14
  3.0130527223327502E-01 a       695     0    35     1    15
  3.6325843312665185E-01 a       696     0    35     1    16
  1.2107920266755562E-01 a       697     0    35     1    17
 -4.3539244305798996E-01 a       698     0    35     1    18
 -1.0666398064398586E-01 a       699     0    35     1    19
  1.0869350861495841E-01 a       700     0    35     1    20
  9.3939489855858427E-01 a       701     0    36     1     1
 -4.5232797316984008E-01 a       702     0    36     1     2
  9.6361678208420432E-01 a       703     0    36     1     3
  3.0356420734475448E-01 a       704     0    36     1     4
 -2.2844427278265558E-01 a       705     0    36     1     5
  4.3740017126107023E-01 a       706     0    36     1     6
 -3.9468413567853794E-01 a       707     0    36     1     7
 -4.6711139825567760E-01 a       708     0    36     1     8
  8.1396898814485141E-01 a       709     0    36     1     9
 -4.6310271506819706E-01 a       710     0    36     1    10
  2.6772524626305281E-02 a       711     0    36     1    11
 -1.1420814576138467E+00 a       712     0    36     1    12
 -9.4077007019902122E-03 a       713     0    36     1    13
  6.7547406782188757E-01 a       714     0    36     1    14
 -3.4653539515531967E-01 a       715     0    36     1    15
 -3.6238842963693219E-01 a       716     0    36     1    16
  9.0096229107036663E-01 a       717     0    36     1    17
 -8.8906986207066635E-02 a       718     0    36     1    18
  4.4395385948155608E-01 a       719     0    36     1    19
  4.8872813876297172E-01 a       720     0    36     1    20
 -1.5428420224431047E-01 a       721     0    37     1     1
  2.7467775878680878E-01 a       722     0    37     1     2
 -9.1356191561566061E-02 a       723     0    37     1     3
 -2.6799242650998178E-01 a       724     0    37     1     4
  1.1394164959547978E-01 a       725     0    37     1     5
  1.0815010373727203E+00 a       726     0    37     1     6
 -1.2682649183643616E-01 a       727     0    37     1     7
  8.7711006841685757E-02 a       728     0    37     1     8
 -1.2875633543999604E-01 a       729     0    37     1     9
  2.5197086120364010E-01 a       730     0    37     1    10
  5.8920863274606616E-01 a       731     0    37     1    11
 -4.4572178049218092E-02 a       732     0    37     1    12
 -1.9236317771762229E-01 a       733     0    37     1    13
 -1.3687793512837845E-01 a       734     0    37     1    14
  3.0650557415663671E-01 a       735     0    37     1    15
 -5.6805758480778168E-01 a       736     0    37     1    16
 -3.9105290620571015E-01 a       737     0    37     1    17
  4.2916224791128627E-01 a       738     0    37     1    18
  3.6500236196658031E-01 a       739     0    37     1    19
  8.9905959500177512E-01 a       740     0    37     1    20
 -5.2174997003381274E-01 a       741     0    38     1     1
 -1.1547759572786331E-01 a       742     0    38     1     2
 -2.5334043140932949E-01 a       743     0    38     1     3
 -4.1405681885303652E-01 a       744     0    38     1     4
  2.8413385731293012E-01 a       745     0    38     1     5
 -4.7888774240441367E-01 a       746     0    38     1     6
  3.4763022235202184E-01 a       747     0    38     1     7
  2.3510277893253953E-02 a       748     0    38     1     8
  3.9746310500902104E-01 a       749     0    38     1     9
  1.7678916015562274E-01 a       750     0    38     1    10
  1.5894184361852959E-01 a       751     0    38     1    11
  3.9988951117152392E-03 a       752     0    38     1    12
  3.0705025769540398E-03 a       753     0    38     1    13
 -3.5474864855390265E-01 a       754     0    38     1    14
 -5.7773790811463144E-01 a       755     0    38     1    15
 -4.2369547222094495E-01 a       756     0    38     1    16
 -4.3096324756737658E-01 a       757     0    38     1    17
  3.5718497430168544E-01 a       758     0    38     1    18
 -7.8112506339409538E-01 a       759     0    38     1    19
  3.4981733369649257E-02 a       760     0    38     1    20
 -4.0969328839654806E-01 a       761     0    39     1     1
  5.5593789057986553E-01 a       762     0    39     1     2
 -1.3758748722879374E-01 a       763     0    39     1     3
 -7.9206772019746255E-02 a       764     0    39     1     4
  5.2850961384116901E-01 a       765     0    39     1     5
  8.9424771974118789E-01 a       766     0    39     1     6
  1.6237901597372653E-01 a       767     0    39     1     7
  1.6561985765986251E-01 a       768     0    39     1     8
  6.1210738534445724E-02 a       769     0    39     1     9
  5.7591630413854655E-01 a       770     0    39     1    10
  5.9786671315971640E-01 a       771     0    39     1    11
  3.7238692387745997E-01 a       772     0    39     1    12
 -8.0068365620384399E-02 a       773     0    39     1    13
 -2.6355286782544540E-01 a       774     0    39     1    14
  1.4029168353543509E-01 a       775     0    39     1    15
 -1.2622226662298958E-01 a       776     0    39     1    16
 -3.5589473687031464E-01 a       777     0    39     1    17
  7.7383552379182652E-02 a       778     0    39     1    18
 -2.9278115407562276E-02 a       779     0    39     1    19
  5.7690694502685591E-01 a       780     0    39     1    20
  2.0763678606414787E-01 a       781     0    40     1     1
  1.3060014522566560E-01 a       782     0    40     1     2
 -8.6866832965184271E-01 a       783     0    40     1     3
 -2.5896547414382703E-01 a       784     0    40     1     4
 -5.0761502474046216E-01 a       785     0    40     1     5
 -6.9682481540256935E-01 a       786     0    40     1     6
 -5.4814648884449380E-01 a       787     0    40     1     7
  4.0048214981039099E-01 a       788     0    40     1     8
  3.5677278625961339E-01 a       789     0    40     1     9
 -8.6688413035536038E-02 a       790     0    40     1    10
  4.6042468046595564E-01 a       791     0    40     1    11
  6.8968123124414471E-01 a       792     0    40     1    12
  1.9647080716029372E-01 a       793     0    40     1    13
  2.3900085948351338E-01 a       794     0    40     1    14
 -4.7387960607097344E-02 a       795     0    40     1    15
 -4.2209617006455119E-02 a       796     0    40     1    16
 -3.9933189802706770E-02 a       797     0    40     1    17
 -6.4265578794756872E-01 a       798     0    40     1    18
 -3.3901685434948287E-01 a       799     0    40     1    19
 -1.2335169699519158E-01 a       800     0    40     1    20
 -7.2723288167877024E-03 a       801     0    41     1     1
  2.4780243309322020E-01 a       802     0    41     1     2
  5.0401930609857182E-01 a       803     0    41     1     3
 -2.1004488982935488E-02 a       804     0    41     1     4
  5.3479715576036632E-02 a       805     0    41     1     5
  5.0939705825434434E-01 a       806     0    41     1     6
  1.1393930450976618E-01 a       807     0    41     1     7
  1.1744254904024649E-01 a       808     0    41     1     8
  7.1693879396363869E-01 a       809     0    41     1     9
 -1.0101268653525486E-01 a       810     0    41     1    10
 -3.5692662127023778E-01 a       811     0    41     1    11
 -5.0397427733715505E-01 a       812     0    41     1    12
  2.4955527747362266E-01 a       813     0    41     1    13
  4.3482361225691088E-02 a       814     0    41     1    14
 -1.6192290444118576E-01 a       815     0    41     1    15
  6.0902776882666321E-02 a       816     0    41     1    16
  3.4516210583217605E-01 a       817     0    41     1    17
  9.7367219060959423E-02 a       818     0    41     1    18
  2.1628233281056720E-02 a       819     0    41     1    19
 -4.0030554025832082E-02 a       820     0    41     1    20
  1.1216269840755579E-01 a       821     0    42     1     1
 -5.4038229274301930E-01 a       822     0    42     1     2
  5.4209397679595489E-03 a       823     0    42     1     3
 -1.7968386211446047E-01 a       824     0    42     1     4
  1.0174365690846625E-01 a       825     0    42     1     5
  3.3678884291964123E-01 a       826     0    42     1     6
  2.3075890095947385E-01 a       827     0    42     1     7
  2.5947624213159326E-01 a       828     0    42     1     8
 -6.2430607060400101E-02 a       829     0    42     1     9
  4.2050273578033370E-02 a       830     0    42     1    10
  6.3302929708331701E-01 a       831     0    42     1    11
  2.6390996601143424E-01 a       832     0    42     1    12
  1.8370782203062599E-01 a       833     0    42     1    13
 -1.3804075630665449E-02 a       834     0    42     1    14
 -2.2713231422686189E-01 a       835     0    42     1    15
 -3.2120675696584744E-01 a       836     0    42     1    16
  9.2469427460106099E-02 a       837     0    42     1    17
  6.5760091897919953E-03 a       838     0    42     1    18
  1.9921588342033963E-01 a       839     0    42     1    19
 -5.3720108317990331E-02 a       840     0    42     1    20
 -1.0374388687715706E-01 a       841     0    43     1     1
  7.8627409390113215E-02 a       842     0    43     1     2
  1.1645911679895372E-01 a       843     0    43     1     3
  1.0179470430077464E-02 a       844     0    43     1     4
 -2.1048262348157651E-01 a       845     0    43     1     5
  1.8640202635900530E-01 a       846     0    43     1     6
  1.9064731432805523E-01 a       847     0    43     1     7
 -2.8006487244951622E-01 a       848     0    43     1     8
 -2.4097962166942039E-01 a       849     0    43     1     9
 -1.9872865912446174E-02 a       850     0    43     1    10
  4.8451567202832535E-01 a       851     0    43     1    11
  5.5102678901904334E-01 a       852     0    43     1    12
 -5.7021202220081713E-01 a       853     0    43     1    13
  6.2461854476087730E-01 a       854     0    43     1    14
  6.2559294828329632E-03 a       855     0    43     1    15
  1.9568532203577424E-01 a       856     0    43     1    16
  3.5528077709476164E-02 a       857     0    43     1    17
 -3.4139427795410196E-02 a       858     0    43     1    18
  2.1464834106134731E-01 a       859     0    43     1    19
 -1.2624056364420674E-01 a       860     0    43     1    20
  3.8249403144943189E-01 a       861     0    44     1     1
  6.9627484836191056E-01 a       862     0    44     1     2
 -3.8313737472582898E-01 a       863     0    44     1     3
  4.2532541014861358E-01 a       864     0    44     1     4
  6.6392189856158734E-01 a       865     0    44     1     5
 -1.4778179579635857E+00 a       866     0    44     1     6
 -1.0718770130911031E+00 a       867     0    44     1     7
 -4.9836426568845482E-01 a       868     0    44     1     8
 -3.6370987295656348E-01 a       869     0    44     1     9
 -3.3156557634803480E-01 a       870     0    44     1    10
 -7.6983412248660610E-01 a       871     0    44     1    11
  8.4015624538896182E-03 a       872     0    44     1    12
 -3.1788338113352110E-01 a       873     0    44     1    13
  8.6224302280452567E-02 a       874     0    44     1    14
  6.4725177895401032E-01 a       875     0    44     1    15
  1.7809015245316889E-02 a       876     0    44     1    16
  5.8835724224871044E-01 a       877     0    44     1    17
 -2.2326440846523499E-01 a       878     0    44     1    18
 -2.0099455864096705E-01 a       879     0    44     1    19
  5.2005976663802045E-01 a       880     0    44     1    20
 -1.1474420246746710E+00 a       881     0    45     1     1
  4.9664736585545499E-01 a       882     0    45     1     2
  8.5326678523215543E-02 a       883     0    45     1     3
  6.0336017263233593E-02 a       884     0    45     1     4
 -1.9503707775663959E-01 a       885     0    45     1     5
  1.2348811923288827E+00 a       886     0    45     1     6
 -8.4840244541739510E-02 a       887     0    45     1     7
  4.1110295332925828E-01 a       888     0    45     1     8
 -3.4404667751427259E-01 a       889     0    45     1     9
 -1.3521043660543028E-01 a       890     0    45     1    10
 -1.7388787469261721E-01 a       891     0    45     1    11
  5.2684312448417148E-01 a       892     0    45     1    12
 -1.4484948035594367E-01 a       893     0    45     1    13
  1.0251050144534057E-01 a       894     0    45     1    14
 -1.5545767677535888E-01 a       895     0    45     1    15
  8.4896063010838879E-02 a       896     0    45     1    16
 -4.2483844555503697E-01 a       897     0    45     1    17
  2.7464052132317751E-01 a       898     0    45     1    18
  2.0389856379841967E-01 a       899     0    45     1    19
 -7.3208146801620008E-02 a       900     0    45     1    20
  4.0154771796392535E-01 a       901     0    46     1     1
  4.3284041790150696E-01 a       902     0    46     1     2
 -1.3873695466102795E-01 a       903     0    46     1     3
  1.3707923791929266E+00 a       904     0    46     1     4
 -3.6990854321368072E-01 a       905     0    46     1     5
 -1.8434019834302249E+00 a       906     0    46     1     6
  2.4358024870801523E-01 a       907     0    46     1     7
  3.7275485919620943E-01 a       908     0    46     1     8
  9.5747047587886236E-01 a       909     0    46     1     9
 -2.1657494715049092E-01 a       910     0    46     1    10
  1.0339133983525511E-01 a       911     0    46     1    11
  8.8588712566308303E-01 a       912     0    46     1    12
  4.4562798514608926E-01 a       913     0    46     1    13
  3.7359592210746295E-01 a       914     0    46     1    14
 -2.0510143554286739E-01 a       915     0    46     1    15
  1.5520196080175499E+00 a       916     0    46     1    16
  2.3847323309585658E-01 a       917     0    46     1    17
  1.2618231630038934E-01 a       918     0    46     1    18
 -3.0663633560729525E-01 a       919     0    46     1    19
 -6.6854284111106710E-01 a       920     0    46     1    20
 -5.3149651587340785E-01 a       921     0    47     1     1
 -5.7598452713731063E-01 a       922     0    47     1     2
  9.3781346463720855E-02 a       923     0    47     1     3
 -5.3021226443155001E-01 a       924     0    47     1     4
  4.2019567310433159E-01 a       925     0    47     1     5
 -3.7483195919162426E-01 a       926     0    47     1     6
  1.1902224542630846E+00 a       927     0    47     1     7
 -4.0062305738789894E-01 a       928     0    47     1     8
  7.2733439336837874E-02 a       929     0    47     1     9
 -6.0983591074081345E-01 a       930     0    47     1    10
 -2.9924061570980032E-01 a       931     0    47     1    11
 -1.7758026663459620E-01 a       932     0    47     1    12
 -5.4286841269969610E-01 a       933     0    47     1    13
 -5.3628059160063912E-01 a       934     0    47     1    14
 -3.6732602623383959E-01 a       935     0    47     1    15
  3.9561488395916183E-01 a       936     0    47     1    16
 -9.1503410597706192E-01 a       937     0    47     1    17
  7.9159712080037997E-02 a       938     0    47     1    18
 -7.3807117790915100E-01 a       939     0    47     1    19
  4.5667470061590187E-01 a       940     0    47     1    20
  5.2636282774826604E-01 a       941     0    48     1     1
  4.1331120833382300E-02 a       942     0    48     1     2
  5.9341224013611060E-01 a       943     0    48     1     3
 -2.5527624836566853E-01 a       944     0    48     1     4
 -2.7698212688467233E-01 a       945     0    48     1     5
  6.8940906317711137E-01 a       946     0    48     1     6
  1.3899329874404200E-02 a       947     0    48     1     7
 -2.3647299488487250E-01 a       948     0    48     1     8
 -7.6115916103837578E-01 a       949     0    48     1     9
 -5.0045136441288378E-02 a       950     0    48     1    10
 -2.6530140127600987E-01 a       951     0    48     1    11
 -6.6189999380120168E-01 a       952     0    48     1    12
  6.2642008898112767E-01 a       953     0    48     1    13
  3.7141300770906063E-02 a       954     0    48     1    14
 -2.1234635410629385E-01 a       955     0    48     1    15
 -8.6501183415835836E-01 a       956     0    48     1    16
  2.8204727234555305E-01 a       957     0    48     1    17
 -1.9893541817545521E-01 a       958     0    48     1    18
  2.7498363423085204E-01 a       959     0    48     1    19
  1.1098532504037618E-01 a       960     0    48     1    20
 -7.7201133875341610E-01 a       961     0    49     1     1
  3.1332633892972100E-01 a       962     0    49     1     2
  1.0729245839742932E-01 a       963     0    49     1     3
 -3.4880516345162998E-01 a       964     0    49     1     4
  6.4481744957321685E-01 a       965     0    49     1     5
  1.6228561467446609E+00 a       966     0    49     1     6
 -7.6277924159620525E-01 a       967     0    49     1     7
  4.2301525785163135E-01 a       968     0    49     1     8
 -5.9049777367156497E-01 a       969     0    49     1     9
 -6.6543224941586732E-01 a       970     0    49     1    10
  5.5945801648754545E-01 a       971     0    49     1    11
 -4.6680612844862168E-01 a       972     0    49     1    12
 -5.3797072765707099E-01 a       973     0    49     1    13
  1.6933970042158566E-01 a       974     0    49     1    14
  9.6984568746286504E-01 a       975     0    49     1    15
 -7.4888012053945352E-01 a       976     0    49     1    16
 -9.5536371930543862E-01 a       977     0    49     1    17
 -8.8987629104649288E-02 a       978     0    49     1    18
  8.5305951526297930E-01 a       979     0    49     1    19
  4.3867580541619505E-01 a       980     0    49     1    20
  1.1610730517559380E+00 a       981     0    50     1     1
 -3.5836600675581719E-02 a       982     0    50     1     2
 -1.0235968960941941E+00 a       983     0    50     1     3
 -5.7307709969288745E-02 a       984     0    50     1     4
 -1.5218783441912964E+00 a       985     0    50     1     5
 -3.0786683433008020E+00 a       986     0    50     1     6
 -2.0939589955891662E-02 a       987     0    50     1     7
 -5.4719229167883254E-01 a       988     0    50     1     8
  6.0733563545348301E-01 a       989     0    50     1     9
  1.2126966465126445E+00 a       990     0    50     1    10
 -2.9468304949616414E-01 a       991     0    50     1    11
 -3.0352008897258004E-01 a       992     0    50     1    12
 -1.0996963409370248E-02 a       993     0    50     1    13
 -4.3648423289037695E-02 a       994     0    50     1    14
 -6.7652889776563052E-01 a       995     0    50     1    15
  2.2089631754118504E-03 a       996     0    50     1    16
  1.8437980110827452E+00 a       997     0    50     1    17
  4.0466938235522348E-01 a       998     0    50     1    18
 -8.7101490140169532E-02 a       999     0    50     1    19
 -2.8609699608620227E+00 a      1000     0    50     1    20
 -2.1835736512013204E-01 a      1001     0    51     1     1
 -2.2417209830348256E-01 a      1002     0    51     1     2
  1.7458136386240378E-01 a      1003     0    51     1     3
 -1.5165393583463657E-01 a      1004     0    51     1     4
  2.5214384323036332E-01 a      1005     0    51     1     5
  1.2674373231805214E-01 a      1006     0    51     1     6
 -1.2668529047121853E-03 a      1007     0    51     1     7
  2.2590833473257657E-01 a      1008     0    51     1     8
  1.2134528916849295E-01 a      1009     0    51     1     9
 -2.9108034951767048E-01 a      1010     0    51     1    10
 -1.0373100807090341E-01 a      1011     0    51     1    11
 -6.1243941106118871E-01 a      1012     0    51     1    12
  1.2326478143757666E-01 a      1013     0    51     1    13
 -9.1923047318573745E-02 a      1014     0    51     1    14
 -1.2566122362843577E-02 a      1015     0    51     1    15
 -2.2772183783080230E-01 a      1016     0    51     1    16
  3.1783999426305948E-01 a      1017     0    51     1    17
  9.4089495359469144E-02 a      1018     0    51     1    18
 -3.0518181750611872E-01 a      1019     0    51     1    19
  1.8991341939887332E-01 a      1020     0    51     1    20
  3.2444777833130094E-02 b      1021     1     1
  3.6335221633561454E-01 b      1022     1     2
  5.5424116323230532E-01 b      1023     1     3
 -1.4480347167991783E+00 b      1024     1     4
  1.1992081695967245E-01 b      1025     1     5
  1.1005111014652460E+00 b      1026     1     6
  7.1668183934193408E-01 b      1027     1     7
 -1.3618898680595348E+00 b      1028     1     8
 -1.2417385686173095E+00 b      1029     1     9
 -6.9152918375918937E-01 b      1030     1    10
  1.5570292632949398E+00 b      1031     1    11
  1.1167633077730115E+00 b      1032     1    12
  7.2918274409811834E-01 b      1033     1    13
 -1.5121829536117306E+00 b      1034     1    14
 -7.8621804716073718E-01 b      1035     1    15
  1.1796034770041539E+00 b      1036     1    16
 -4.8097775989558117E-01 b      1037     1    17
 -5.1835982885730225E-01 b      1038     1    18
 -2.3285973130672633E-01 b      1039     1    19
  1.0356261526075119E+00 b      1040     1    20
 -4.3575871748928574E-02 a      1041     1     1     2     1
  1.6759894913803086E-01 a      1042     1     1     2     2
  5.0932761242977809E-01 a      1043     1     1     2     3
 -1.6513166181278116E-01 a      1044     1     1     2     4
 -7.5843012787739528E-01 a      1045     1     1     2     5
 -3.0905681372902766E-01 a      1046     1     1     2     6
  1.3437786870517365E-01 a      1047     1     1     2     7
 -3.1727059351388964E-01 a      1048     1     1     2     8
 -6.8875175967413338E-01 a      1049     1     1     2     9
  3.4109316111537813E-01 a      1050     1     1     2    10
  3.7132876209750926E-01 a      1051     1     1     2    11
 -3.1796956728780540E-01 a      1052     1     1     2    12
 -1.7358924749084950E-01 a      1053     1     1     2    13
 -3.4988941991251027E-01 a      1054     1     1     2    14
 -4.0576694014526529E-02 a      1055     1     1     2    15
  1.4431797306527414E-01 a      1056     1     1     2    16
 -7.1082312272462767E-01 a      1057     1     1     2    17
  1.5997581542722525E-01 a      1058     1     1     2    18
  4.4382706887289658E-01 a      1059     1     1     2    19
  5.2701571586489027E-01 a      1060     1     1     2    20
 -2.5776384048375144E-02 a      1061     1     2     2     1
  4.4564892733263312E-01 a      1062     1     2     2     2
 -6.0585591662052889E-03 a      1063     1     2     2     3
  8.5841449881959320E-01 a      1064     1     2     2     4
 -3.1176042507482332E-01 a      1065     1     2     2     5
 -2.5367223297797825E-01 a      1066     1     2     2     6
 -3.5482655454151529E-01 a      1067     1     2     2     7
 -2.1920668108018351E-01 a      1068     1     2     2     8
  2.3084430759011373E-01 a      1069     1     2     2     9
  5.6635063323077051E-01 a      1070     1     2     2    10
 -1.0496026306735463E-01 a      1071     1     2     2    11
  1.5854513110095275E-01 a      1072     1     2     2    12
 -1.5643037289141085E-01 a      1073     1     2     2    13
  1.1368623746809879E-01 a      1074     1     2     2    14
  5.4402026020640898E-02 a      1075     1     2     2    15
  2.0315831017527777E-02 a      1076     1     2     2    16
 -1.0228200177098097E-01 a      1077     1     2     2    17
 -1.5975493679475265E-02 a      1078     1     2     2    18
  9.9360809613820780E-02 a      1079     1     2     2    19
 -4.8820933507038311E-01 a      1080     1     2     2    20
  3.8312236894328422E-01 a      1081     1     3     2     1
  7.0560484527240819E-01 a      1082     1     3     2     2
 -3.6894610273310940E-01 a      1083     1     3     2     3
  1.3800604153905335E-01 a      1084     1     3     2     4
 -7.9923930763165330E-01 a      1085     1     3     2     5
  1.7901451664433760E-02 a      1086     1     3     2     6
  3.2415898140987226E-01 a      1087     1     3     2     7
  2.0827882499833009E-01 a      1088     1     3     2     8
  8.6506890843770801E-01 a      1089     1     3     2     9
  1.1563808736750204E-01 a      1090     1     3     2    10
 -5.7772590839433376E-02 a      1091     1     3     2    11
  1.2954447103577210E-01 a      1092     1     3     2    12
 -1.5444916109963677E-01 a      1093     1     3     2    13
  1.1017688664156418E+00 a      1094     1     3     2    14
 -5.4459812773051319E-01 a      1095     1     3     2    15
  3.1201744284844163E-01 a      1096     1     3     2    16
  6.1276394895265185E-01 a      1097     1     3     2    17
  1.5282575706944437E-01 a      1098     1     3     2    18
  2.3384923898309215E-01 a      1099     1     3     2    19
 -5.8413106980134057E-02 a      1100     1     3     2    20
 -7.4091200719772121E-01 a      1101     1     4     2     1
 -1.9515888192612249E-01 a      1102     1     4     2     2
  1.6360575508487754E-01 a      1103     1     4     2     3
  3.8565562706761070E-01 a      1104     1     4     2     4
  2.9168730046630992E-01 a      1105     1     4     2     5
  9.7429363317652518E-01 a      1106     1     4     2     6
  3.7641260101667601E-01 a      1107     1     4     2     7
  4.0744704280949212E-01 a      1108     1     4     2     8
  6.9893732047356216E-01 a      1109     1     4     2     9
 -4.0482115131609386E-01 a      1110     1     4     2    10
 -1.2190310554811850E+00 a      1111     1     4     2    11
  1.5755767932875159E-01 a      1112     1     4     2    12
  4.2138131135056478E-01 a      1113     1     4     2    13
 -7.1158483057355074E-02 a      1114     1     4     2    14
  6.4248311768247013E-01 a      1115     1     4     2    15
  4.0215399200681075E-02 a      1116     1     4     2    16
 -8.6268242115400617E-01 a      1117     1     4     2    17
 -4.7131489939731325E-01 a      1118     1     4     2    18
  5.3062875215402172E-01 a      1119     1     4     2    19
  6.1852242630472114E-02 a      1120     1     4     2    20
 -1.9296637051277191E-01 a      1121     1     5     2     1
  1.4945469733061720E-01 a      1122     1     5     2     2
  3.3883685710043382E-01 a      1123     1     5     2     3
  1.0307462403274990E+00 a      1124     1     5     2     4
  1.2384895920888986E-01 a      1125     1     5     2     5
 -1.0653736425463675E-01 a      1126     1     5     2     6
  2.6075126673070043E-01 a      1127     1     5     2     7
 -2.8933141470092655E-01 a      1128     1     5     2     8
 -8.9792082450668176E-01 a      1129     1     5     2     9
  3.5887828876678868E-01 a      1130     1     5     2    10
 -7.4727984498074629E-01 a      1131     1     5     2    11
  1.0991603974848832E-01 a      1132     1     5     2    12
 -1.9000466243517641E-01 a      1133     1     5     2    13
 -2.6403777887983532E-01 a      1134     1     5     2    14
 -6.3551427858141640E-01 a      1135     1     5     2    15
 -6.2276548659239572E-01 a      1136     1     5     2    16
  5.3419416505582007E-01 a      1137     1     5     2    17
  7.0864525931470565E-02 a      1138     1     5     2    18
 -1.4006625594931141E-01 a      1139     1     5     2    19
 -4.4622443123204403E-01 a      1140     1     5     2    20
  5.3543364384316205E-01 a      1141     1     6     2     1
 -1.0567120302862697E-01 a      1142     1     6     2     2
 -3.0777148486604894E-01 a      1143     1     6     2     3
  1.1417515771136608E+00 a      1144     1     6     2     4
  4.8769009494970328E-01 a      1145     1     6     2     5
 -3.6502184183059433E-01 a      1146     1     6     2     6
  4.0512857240065309E-01 a      1147     1     6     2     7
  1.3202276579113895E-01 a      1148     1     6     2     8
  5.7357858342196411E-01 a      1149     1     6     2     9
  4.3304173346087410E-01 a      1150     1     6     2    10
 -3.7815100269769863E-01 a      1151     1     6     2    11
 -1.8914888146120912E-01 a      1152     1     6     2    12
  5.1468109525493200E-01 a      1153     1     6     2    13
  7.0950458759079804E-01 a      1154     1     6     2    14
  6.1706523382020617E-01 a      1155     1     6     2    15
  5.1680873954789341E-01 a      1156     1     6     2    16
 -9.3037740396206459E-01 a      1157     1     6     2    17
  2.8344663509797380E-01 a      1158     1     6     2    18
 -1.8496967550637172E-01 a      1159     1     6     2    19
 -1.6829248502000499E-01 a      1160     1     6     2    20
 -3.3867891180103465E-01 a      1161     1     7     2     1
 -1.0049693722270181E+00 a      1162     1     7     2     2
 -2.6830825272923914E-01 a      1163     1     7     2     3
  7.0434340197798451E-01 a      1164     1     7     2     4
 -5.5067573294557015E-01 a      1165     1     7     2     5
  7.3860489591835687E-01 a      1166     1     7     2     6
 -1.0247187629588042E+00 a      1167     1     7     2     7
  4.9062296024042057E-01 a      1168     1     7     2     8
  2.6305162326433895E-01 a      1169     1     7     2     9
  6.9874742937230461E-01 a      1170     1     7     2    10
  4.5250017870679787E-01 a      1171     1     7     2    11
 -2.8422638563875730E-01 a      1172     1     7     2    12
 -7.7617731068680440E-01 a      1173     1     7     2    13
  8.1191511629111868E-01 a      1174     1     7     2    14
  9.9582470714966609E-01 a      1175     1     7     2    15
 -3.9196586248455212E-01 a      1176     1     7     2    16
  3.5887725026747891E-01 a      1177     1     7     2    17
 -2.5992990030750324E-01 a      1178     1     7     2    18
 -2.7486365133579483E-02 a      1179     1     7     2    19
  3.0726597583486692E-01 a      1180     1     7     2    20
 -4.5423466966264020E-01 a      1181     1     8     2     1
  1.4910838140740463E+00 a      1182     1     8     2     2
  5.9148204683961891E-01 a      1183     1     8     2     3
  4.7789128779374784E-01 a      1184     1     8     2     4
 -1.7038424096942825E-02 a      1185     1     8     2     5
 -2.1728204180396549E-01 a      1186     1     8     2     6
 -4.6486883211982355E-01 a      1187     1     8     2     7
  6.4255316650116889E-01 a      1188     1     8     2     8
  2.9945577817431029E-01 a      1189     1     8     2     9
 -5.3657500544280801E-01 a      1190     1     8     2    10
  4.8458849094766576E-01 a      1191     1     8     2    11
 -3.8360890646838952E-01 a      1192     1     8     2    12
 -5.7561571811076392E-02 a      1193     1     8     2    13
 -5.4721302223364254E-01 a      1194     1     8     2    14
  8.0980229392294512E-01 a      1195     1     8     2    15
 -9.8384889683375359E-02 a      1196     1     8     2    16
 -3.8097986277658175E-01 a      1197     1     8     2    17
 -2.0785433362515382E-01 a      1198     1     8     2    18
  3.8091053368409145E-01 a      1199     1     8     2    19
 -1.2512377945244852E+00 a      1200     1     8     2    20
 -5.5307877415969764E-01 a      1201     1     9     2     1
  7.1847771938476163E-02 a      1202     1     9     2     2
  3.3809117343082029E-01 a      1203     1     9     2     3
 -1.9415162130731095E-01 a      1204     1     9     2     4
 -8.0757938545047994E-02 a      1205     1     9     2     5
  8.4839967043437181E-01 a      1206     1     9     2     6
 -2.2786579028329815E-01 a      1207     1     9     2     7
  5.9715283868048519E-01 a      1208     1     9     2     8
 -1.2243346753473978E+00 a      1209     1     9     2     9
 -3.2589575650234626E-01 a      1210     1     9     2    10
  8.5736294019487391E-01 a      1211     1     9     2    11
 -1.7445249947072425E-01 a      1212     1     9     2    12
 -3.7460885682759032E-01 a      1213     1     9     2    13
  2.9064626424017964E-01 a      1214     1     9     2    14
  7.0643828007700404E-01 a      1215     1     9     2    15
  1.9276003575546438E-01 a      1216     1     9     2    16
  2.5155868695849132E-01 a      1217     1     9     2    17
 -5.1527668373178481E-01 a      1218     1     9     2    18
  2.6975496998056614E-01 a      1219     1     9     2    19
  3.2431394843491290E-01 a      1220     1     9     2    20
  3.9424597285773461E-01 a      1221     1    10     2     1
 -4.0029494323375553E-01 a      1222     1    10     2     2
  6.0329161831265921E-01 a      1223     1    10     2     3
 -4.8947700691400441E-02 a      1224     1    10     2     4
 -2.8609998369356388E-01 a      1225     1    10     2     5
 -3.6390973842738145E-01 a      1226     1    10     2     6
 -3.3356859455200638E-01 a      1227     1    10     2     7
 -2.4017192189281472E-01 a      1228     1    10     2     8
  2.5261768495567688E-01 a      1229     1    10     2     9
  4.1512089486097908E-01 a      1230     1    10     2    10
 -5.9927345994772230E-01 a      1231     1    10     2    11
 -6.8510648624868359E-02 a      1232     1    10     2    12
 -4.5225365663726391E-01 a      1233     1    10     2    13
  6.3542325548452150E-01 a      1234     1    10     2    14
  2.1240074529810186E-02 a      1235     1    10     2    15
 -3.7907111239717439E-01 a      1236     1    10     2    16
  1.3150181606427525E-01 a      1237     1    10     2    17
  7.4155565148183655E-01 a      1238     1    10     2    18
  2.3118507169771718E-01 a      1239     1    10     2    19
 -4.5175153196237305E-01 a      1240     1    10     2    20
 -6.2080252558661964E-01 a      1241     1    11     2     1
 -8.0120776197483889E-01 a      1242     1    11     2     2
 -3.9886082946474349E-01 a      1243     1    11     2     3
 -1.8657604078563297E-01 a      1244     1    11     2     4
 -5.6830342527797273E-01 a      1245     1    11     2     5
  6.3177642503065581E-02 a      1246     1    11     2     6
  3.1892747284594580E-01 a      1247     1    11     2     7
 -3.1130888958844266E-01 a      1248     1    11     2     8
  6.7586903116375985E-01 a      1249     1    11     2     9
  2.8384268453949268E-01 a      1250     1    11     2    10
  5.6975991290484540E-01 a      1251     1    11     2    11
 -2.4163378274289618E-01 a      1252     1    11     2    12
  4.9842957128842169E-01 a      1253     1    11     2    13
  4.7939683438871578E-01 a      1254     1    11     2    14
  1.6368477453698196E-01 a      1255     1    11     2    15
  1.4545933842320977E-01 a      1256     1    11     2    16
  6.2667783384670461E-01 a      1257     1    11     2    17
  3.9190288308809806E-01 a      1258     1    11     2    18
  3.4462914024698965E-01 a      1259     1    11     2    19
 -3.0883760949884126E-01 a      1260     1    11     2    20
 -6.6296185314896575E-02 a      1261     1    12     2     1
  8.4683403187823814E-01 a      1262     1    12     2     2
 -3.1269408026362994E-01 a      1263     1    12     2     3
  1.8981305243357280E-01 a      1264     1    12     2     4
 -8.4804576112678065E-01 a      1265     1    12     2     5
  4.0259482077064662E-01 a      1266     1    12     2     6
  1.1511597397067628E+00 a      1267     1    12     2     7
 -3.8104242380092673E-01 a      1268     1    12     2     8
 -9.4662375628074877E-02 a      1269     1    12     2     9
 -2.8024537377248521E-01 a      1270     1    12     2    10
 -1.1809447577735506E+00 a      1271     1    12     2    11
 -1.1410548655124335E-02 a      1272     1    12     2    12
  3.9741557145381168E-01 a      1273     1    12     2    13
 -2.0525457570666891E-01 a      1274     1    12     2    14
  2.3197358646504246E-01 a      1275     1    12     2    15
  2.3914343382737219E-01 a      1276     1    12     2    16
 -4.9521090456961464E-01 a      1277     1    12     2    17
  9.4240775142280153E-01 a      1278     1    12     2    18
 -4.5191584842629562E-01 a      1279     1    12     2    19
 -2.6582399822739677E-01 a      1280     1    12     2    20
  7.5490915433206163E-01 a      1281     1    13     2     1
  1.2492924537116734E-01 a      1282     1    13     2     2
 -2.8081878258838733E-01 a      1283     1    13     2     3
  3.8006268372416580E-01 a      1284     1    13     2     4
  4.7427624836902338E-01 a      1285     1    13     2     5
 -9.5007304921685398E-01 a      1286     1    13     2     6
  1.0595030446858478E-01 a      1287     1    13     2     7
 -6.8942551920555672E-01 a      1288     1    13     2     8
 -4.7876184585837084E-01 a      1289     1    13     2     9
  2.4888099529916510E-01 a      1290     1    13     2    10
 -1.1159834571127270E-01 a      1291     1    13     2    11
 -2.6799242677251700E-01 a      1292     1    13     2    12
  3.5599370602074842E-01 a      1293     1    13     2    13
 -2.5705757189580170E-01 a      1294     1    13     2    14
  9.8733799337886852E-01 a      1295     1    13     2    15
 -2.4470477542575197E-01 a      1296     1    13     2    16
  2.0440243625206470E-02 a      1297     1    13     2    17
  1.1846463039424246E-01 a      1298     1    13     2    18
 -6.1793837675664531E-01 a      1299     1    13     2    19
 -1.0324934074991214E+00 a      1300     1    13     2    20
  4.3808259113184023E-01 a      1301     1    14     2     1
  7.1469752647976670E-01 a      1302     1    14     2     2
 -1.0390039078279593E-01 a      1303     1    14     2     3
 -5.6351731889665657E-01 a      1304     1    14     2     4
  2.8565962939595702E-01 a      1305     1    14     2     5
 -5.0983810637019900E-01 a      1306     1    14     2     6
 -1.9041542010961407E-01 a      1307     1    14     2     7
  9.8119524617442333E-02 a      1308     1    14     2     8
  5.3770653432917093E-01 a      1309     1    14     2     9
  2.8769987710885470E-01 a      1310     1    14     2    10
 -1.6926097401084231E-01 a      1311     1    14     2    11
  2.8458545648302513E-01 a      1312     1    14     2    12
  3.0590852326554446E-01 a      1313     1    14     2    13
 -5.1678602167577792E-01 a      1314     1    14     2    14
 -1.0314728792568431E+00 a      1315     1    14     2    15
  1.6188934122969811E-01 a      1316     1    14     2    16
 -3.8923763796807198E-01 a      1317     1    14     2    17
  5.1687188142714702E-01 a      1318     1    14     2    18
 -6.0584476146900434E-02 a      1319     1    14     2    19
 -6.5042531152351946E-01 a      1320     1    14     2    20
 -6.2901788248695090E-01 a      1321     1    15     2     1
  3.1562159006083346E-01 a      1322     1    15     2     2
 -7.5873765955192296E-01 a      1323     1    15     2     3
  9.8234578400519224E-01 a      1324     1    15     2     4
  7.5036849070136058E-01 a      1325     1    15     2     5
  7.1559332680426788E-02 a      1326     1    15     2     6
 -1.2777926372753998E+00 a      1327     1    15     2     7
  3.2270739701035711E-01 a      1328     1    15     2     8
  1.6163898662779891E-01 a      1329     1    15     2     9
  1.8871570095701426E-01 a      1330     1    15     2    10
  2.5495538191043871E-01 a      1331     1    15     2    11
 -6.4480884897503832E-01 a      1332     1    15     2    12
  4.4468772381523586E-01 a      1333     1    15     2    13
  6.4634508704290813E-02 a      1334     1    15     2    14
  4.3522337772455882E-01 a      1335     1    15     2    15
 -4.6926274840045512E-01 a      1336     1    15     2    16
  1.5543425230039112E-01 a      1337     1    15     2    17
  1.5082617272478729E-01 a      1338     1    15     2    18
 -5.0341770159153566E-02 a      1339     1    15     2    19
 -1.9013763432343705E-01 a      1340     1    15     2    20
 -4.7093122973870766E-01 a      1341     1    16     2     1
 -2.6883791260620471E-01 a      1342     1    16     2     2
 -1.1241490753129380E-01 a      1343     1    16     2     3
 -5.1254778572279924E-01 a      1344     1    16     2     4
  6.0300227908688629E-02 a      1345     1    16     2     5
 -2.6581712266159330E-01 a      1346     1    16     2     6
 -4.8436718758123748E-01 a      1347     1    16     2     7
 -3.3960727883946212E-01 a      1348     1    16     2     8
  3.7641816627077657E-01 a      1349     1    16     2     9
 -4.8277628916231476E-02 a      1350     1    16     2    10
  7.4919624958897812E-01 a      1351     1    16     2    11
  1.8986435675307103E-01 a      1352     1    16     2    12
 -9.7814766128846667E-02 a      1353     1    16     2    13
  2.8370555840406481E-01 a      1354     1    16     2    14
 -1.8931739852237009E-01 a      1355     1    16     2    15
 -1.2912912145030503E-01 a      1356     1    16     2    16
 -8.1350032641673520E-01 a      1357     1    16     2    17
 -1.5106975358440386E-01 a      1358     1    16     2    18
  3.5757134483726655E-01 a      1359     1    16     2    19
 -3.6716091275894208E-01 a      1360     1    16     2    20
 -5.7160813244750519E-01 a      1361     1    17     2     1
 -3.6983540339976112E-01 a      1362     1    17     2     2
 -6.5740949372544294E-02 a      1363     1    17     2     3
 -4.0244099742168599E-01 a      1364     1    17     2     4
 -7.5253265445266088E-02 a      1365     1    17     2     5
  2.4735076500302766E-02 a      1366     1    17     2     6
  4.0765297369886649E-01 a      1367     1    17     2     7
  2.5664226922493083E-01 a      1368     1    17     2     8
  9.5858897850306948E-02 a      1369     1    17     2     9
 -6.4636970431931506E-01 a      1370     1    17     2    10
  8.9492397647793986E-01 a      1371     1    17     2    11
  6.1434077597981318E-01 a      1372     1    17     2    12
 -4.4918150687140140E-01 a      1373     1    17     2    13
 -1.3613339009402963E+00 a      1374     1    17     2    14
  8.3628414841417720E-01 a      1375     1    17     2    15
 -2.5886276089633953E-01 a      1376     1    17     2    16
 -4.3269126521546747E-01 a      1377     1    17     2    17
  4.4850600847370281E-01 a      1378     1    17     2    18
 -3.1801165552624855E-01 a      1379     1    17     2    19
 -1.3181111285831681E-01 a      1380     1    17     2    20
  5.6314691874429990E-01 a      1381     1    18     2     1
 -2.0276834211258493E-01 a      1382     1    18     2     2
 -5.0985430438484902E-01 a      1383     1    18     2     3
  6.9805906097664835E-02 a      1384     1    18     2     4
  5.1826083354125552E-01 a      1385     1    18     2     5
 -5.4874977892324550E-01 a      1386     1    18     2     6
 -8.0036388929345725E-01 a      1387     1    18     2     7
 -4.5518332190860561E-01 a      1388     1    18     2     8
  6.7958357330747110E-01 a      1389     1    18     2     9
  6.1929251110177160E-03 a      1390     1    18     2    10
 -5.7348078626280739E-02 a      1391     1    18     2    11
  2.7173711291961322E-01 a      1392     1    18     2    12
  7.7965784947925754E-01 a      1393     1    18     2    13
  4.0380209560348407E-01 a      1394     1    18     2    14
 -4.8564317604132198E-02 a      1395     1    18     2    15
 -6.0552934653427593E-01 a      1396     1    18     2    16
 -6.6103241726316053E-01 a      1397     1    18     2    17
 -2.3725602964711795E-02 a      1398     1    18     2    18
  1.9473409398486109E-02 a      1399     1    18     2    19
 -3.1572980044172594E-01 a      1400     1    18     2    20
 -1.8527310594817853E-01 a      1401     1    19     2     1
  5.7122668980053559E-01 a      1402     1    19     2     2
  1.7775232973283728E-01 a      1403     1    19     2     3
  7.2893111618793149E-01 a      1404     1    19     2     4
  5.5042563217230112E-01 a      1405     1    19     2     5
 -2.0400979239048678E-01 a      1406     1    19     2     6
  8.9841371033204298E-01 a      1407     1    19     2     7
  1.7957776005813919E-01 a      1408     1    19     2     8
  1.4856212681040504E+00 a      1409     1    19     2     9
  3.7730844401050606E-01 a      1410     1    19     2    10
 -6.9251665001202134E-01 a      1411     1    19     2    11
  3.0766910900157657E-01 a      1412     1    19     2    12
 -5.2768074764390338E-01 a      1413     1    19     2    13
  1.3670179322877873E-02 a      1414     1    19     2    14
 -1.0147396713259633E+00 a      1415     1    19     2    15
 -5.0107615790313409E-01 a      1416     1    19     2    16
  1.0418009810501577E-01 a      1417     1    19     2    17
  1.6945816970490804E-01 a      1418     1    19     2    18
  1.7377065256184165E-01 a      1419     1    19     2    19
 -2.5863159223796722E-01 a      1420     1    19     2    20
 -8.1297831726811987E-01 a      1421     1    20     2     1
 -1.7022079127160133E-01 a      1422     1    20     2     2
 -2.5408217213377188E-01 a      1423     1    20     2     3
  5.4600025790848050E-01 a      1424     1    20     2     4
 -8.4834389481161432E-01 a      1425     1    20     2     5
 -1.3955752531265155E+00 a      1426     1    20     2     6
  2.6294050255781010E-02 a      1427     1    20     2     7
  2.3885085713568940E-02 a      1428     1    20     2     8
 -2.4356515735848239E-02 a      1429     1    20     2     9
 -3.4695014414228281E-01 a      1430     1    20     2    10
 -9.3689244851974152E-01 a      1431     1    20     2    11
  3.9083335939705342E-03 a      1432     1    20     2    12
 -7.4514109676859130E-01 a      1433     1    20     2    13
 -1.0251795784269613E+00 a      1434     1    20     2    14
 -2.5727752443101154E-01 a      1435     1    20     2    15
 -3.0151312996009316E-01 a      1436     1    20     2    16
 -5.0336106903588407E-01 a      1437     1    20     2    17
  4.9368898455489840E-01 a      1438     1    20     2    18
 -7.2862403943017673E-01 a      1439     1    20     2    19
 -6.0728419384792919E-02 a      1440     1    20     2    20
  1.3260194222691120E+00 b      1441     2     1
 -5.6143234947155962E-01 b      1442     2     2
 -1.6046840342514845E+00 b      1443     2     3
 -5.2953401105191023E-01 b      1444     2     4
  4.8318979959287134E-02 b      1445     2     5
 -8.5631201303053028E-01 b      1446     2     6
  8.0383229680751944E-01 b      1447     2     7
  6.3038330269419474E-01 b      1448     2     8
 -9.3724675221792575E-01 b      1449     2     9
  1.4537007932170007E+00 b      1450     2    10
  1.1241100326217583E+00 b      1451     2    11
 -1.4088670945864081E+00 b      1452     2    12
  4.4752179108515794E-01 b      1453     2    13
  1.2122219978187705E+00 b      1454     2    14
  1.1352420509829058E+00 b      1455     2    15
  8.7928023429987090E-01 b      1456     2    16
  1.1111227216882382E+00 b      1457     2    17
  1.1887616236542122E+00 b      1458     2    18
 -1.1473303114621258E+00 b      1459     2    19
  1.6459032650694068E+00 b      1460     2    20
  1.1736677875336310E+00 a      1461     2     1     3     1
 -2.0881847077072968E+00 a      1462     2     2     3     1
 -1.9208292356317707E+00 a      1463     2     3     3     1
 -2.9835318318425569E-01 a      1464     2     4     3     1
 -2.1065845474320035E+00 a      1465     2     5     3     1
 -1.7518430539081651E+00 a      1466     2     6     3     1
  1.2234684322814871E+00 a      1467     2     7     3     1
 -8.7730991871151975E-01 a      1468     2     8     3     1
  2.6237645571966589E-02 a      1469     2     9     3     1
  1.3346684679394656E+00 a      1470     2    10     3     1
 -2.7131670908907840E-01 a      1471     2    11     3     1
 -1.0089428599688097E+00 a      1472     2    12     3     1
 -5.9087557355905185E-01 a      1473     2    13     3     1
  1.5690139185375425E+00 a      1474     2    14     3     1
  5.3328897134821851E-01 a      1475     2    15     3     1
  1.2143925392622164E+00 a      1476     2    16     3     1
  1.3491053657521979E+00 a      1477     2    17     3     1
  1.5096978217694876E+00 a      1478     2    18     3     1
 -1.4582508318384584E+00 a      1479     2    19     3     1
  2.1731427385548066E+00 a      1480     2    20     3     1
  2.0166818306063128E+00 b      1481     3     1
