################################################################################
# Neural network connection values (weights and biases).
################################################################################
# Col  Name       Description
################################################################################
# 1    connection Neural network connection value.
# 2    t          Connection type (a = weight, b = bias).
# 3    index      Index enumerating weights.
# 4    l_s        Starting point layer (end point layer for biases).
# 5    n_s        Starting point neuron in starting layer (end point neuron for biases).
# 6    l_e        End point layer.
# 7    n_e        End point neuron in end layer.
################################################################################
#                      1 2         3     4     5     6     7
#             connection t     index   l_s   n_s   l_e   n_e
############################################################
  1.3666634808582959E-01 a         1     0     1     1     1
 -2.3497300206846838E-01 a         2     0     1     1     2
  4.0586522749074838E-01 a         3     0     1     1     3
 -5.2227480217513300E-01 a         4     0     1     1     4
 -2.0841629480259943E-01 a         5     0     1     1     5
  5.1750361906527959E-02 a         6     0     1     1     6
  3.3631475183055476E-01 a         7     0     1     1     7
  1.5855538308333039E-01 a         8     0     1     1     8
  2.1592233836727856E-01 a         9     0     1     1     9
  4.3506593380559296E-02 a        10     0     1     1    10
 -9.3082148819828750E-02 a        11     0     1     1    11
 -3.2458283135374338E-01 a        12     0     1     1    12
  1.1296249717007513E-01 a        13     0     1     1    13
 -6.2609732791052997E-01 a        14     0     1     1    14
 -2.6462273780025086E-01 a        15     0     1     1    15
  6.2861672101828414E-02 a        16     0     1     1    16
  4.2337839892904644E-01 a        17     0     1     1    17
  5.6006565996284641E-01 a        18     0     1     1    18
 -2.2094002451601794E-01 a        19     0     1     1    19
  2.9007524204604485E-01 a        20     0     1     1    20
 -2.5000476761836682E-01 a        21     0     2     1     1
 -1.2535019374118603E-01 a        22     0     2     1     2
 -2.1205669241149974E-01 a        23     0     2     1     3
 -3.2694977703348949E-02 a        24     0     2     1     4
  1.1803055297930497E-01 a        25     0     2     1     5
  5.8373314141307468E-02 a        26     0     2     1     6
 -1.8150949274615462E-02 a        27     0     2     1     7
 -2.5187540755179444E-01 a        28     0     2     1     8
 -1.4401210086427144E-01 a        29     0     2     1     9
 -1.6675870676947033E-01 a        30     0     2     1    10
 -1.5387874598762907E-01 a        31     0     2     1    11
 -5.0532214938467557E-01 a        32     0     2     1    12
 -1.3407899648047483E-01 a        33     0     2     1    13
 -3.9940336324216108E-01 a        34     0     2     1    14
  2.7391136885204148E-01 a        35     0     2     1    15
  2.7051881055157695E-01 a        36     0     2     1    16
  1.9600278490915707E-01 a        37     0     2     1    17
  4.3487063503355766E-01 a        38     0     2     1    18
  1.6671493807826113E-01 a        39     0     2     1    19
  2.7210417395635300E-01 a        40     0     2     1    20
  1.7309967053048739E-01 a        41     0     3     1     1
  2.4238319886581414E-01 a        42     0     3     1     2
 -4.1861128806796027E-01 a        43     0     3     1     3
  3.3529970850943308E-01 a        44     0     3     1     4
 -4.7693007990289187E-02 a        45     0     3     1     5
 -1.2990286731410680E-01 a        46     0     3     1     6
  1.8427449205316157E-01 a        47     0     3     1     7
  3.9173348723310540E-02 a        48     0     3     1     8
 -1.9728756658739569E-01 a        49     0     3     1     9
 -1.1619130882535708E-01 a        50     0     3     1    10
  4.2644188610628003E-01 a        51     0     3     1    11
  3.6490108650937181E-01 a        52     0     3     1    12
 -2.2373873650361134E-01 a        53     0     3     1    13
  1.7111832075151609E-01 a        54     0     3     1    14
 -4.6919383736441972E-01 a        55     0     3     1    15
  1.0452358879462116E-01 a        56     0     3     1    16
  1.0929861233406162E-01 a        57     0     3     1    17
 -3.0651906713682564E-01 a        58     0     3     1    18
  3.6106044345385439E-03 a        59     0     3     1    19
 -1.4642946531839218E-01 a        60     0     3     1    20
  2.1109745061209906E-01 a        61     0     4     1     1
  4.7357511110326656E-01 a        62     0     4     1     2
 -1.3360395342125922E-01 a        63     0     4     1     3
  2.0602685106478541E-01 a        64     0     4     1     4
 -2.4978044380583717E-01 a        65     0     4     1     5
  4.0371184468237570E-01 a        66     0     4     1     6
  7.3308311931697036E-03 a        67     0     4     1     7
  3.0050477888011046E-01 a        68     0     4     1     8
 -2.2057329798337334E-02 a        69     0     4     1     9
  5.3542599738390673E-01 a        70     0     4     1    10
 -1.3373325213244330E-01 a        71     0     4     1    11
  5.0992171319551416E-01 a        72     0     4     1    12
  4.2521892190144495E-01 a        73     0     4     1    13
  4.2803119067943357E-01 a        74     0     4     1    14
 -1.1010127565576769E-01 a        75     0     4     1    15
 -3.4557704867804862E-01 a        76     0     4     1    16
 -2.1531803905844954E-01 a        77     0     4     1    17
 -5.9960318090695741E-01 a        78     0     4     1    18
 -1.2630651314133068E-01 a        79     0     4     1    19
 -1.1599577382087602E-01 a        80     0     4     1    20
  1.5838192291079517E-01 a        81     0     5     1     1
 -1.1850469557233077E-01 a        82     0     5     1     2
  4.1864164345232041E-01 a        83     0     5     1     3
 -9.2629365556976984E-02 a        84     0     5     1     4
  4.9196328777463094E-01 a        85     0     5     1     5
  1.9596309926342018E-01 a        86     0     5     1     6
 -5.9511997514659210E-01 a        87     0     5     1     7
 -1.3753578704953742E-01 a        88     0     5     1     8
  8.4074188616651020E-03 a        89     0     5     1     9
 -3.4811068289048253E-01 a        90     0     5     1    10
  5.5760655481050803E-01 a        91     0     5     1    11
 -1.9815406365058602E-01 a        92     0     5     1    12
 -3.7737142415671210E-01 a        93     0     5     1    13
  6.4042803832699047E-01 a        94     0     5     1    14
  3.1911825170350994E-01 a        95     0     5     1    15
  3.0885143345829896E-02 a        96     0     5     1    16
 -3.0896429501489625E-01 a        97     0     5     1    17
  5.7564785414786206E-02 a        98     0     5     1    18
  2.6611460881649385E-01 a        99     0     5     1    19
 -2.5351094589079337E-01 a       100     0     5     1    20
 -2.6346213414681791E-01 a       101     0     6     1     1
 -1.4351042323567006E-01 a       102     0     6     1     2
 -2.5253375510672554E-01 a       103     0     6     1     3
 -2.6567496006814523E-01 a       104     0     6     1     4
  2.5760863224780561E-01 a       105     0     6     1     5
 -2.1301874399977236E-01 a       106     0     6     1     6
 -3.1419843930544195E-01 a       107     0     6     1     7
  2.2190090233097648E-01 a       108     0     6     1     8
  4.2360266182044594E-03 a       109     0     6     1     9
 -2.7973098520960199E-01 a       110     0     6     1    10
  3.3577951145271923E-01 a       111     0     6     1    11
  2.3351303887273520E-01 a       112     0     6     1    12
  5.2699740130486550E-01 a       113     0     6     1    13
  9.6854779625052423E-01 a       114     0     6     1    14
  2.9108734223857563E-01 a       115     0     6     1    15
 -2.8272070192708526E-01 a       116     0     6     1    16
 -1.5704417043613572E-01 a       117     0     6     1    17
 -2.4290278038019933E-01 a       118     0     6     1    18
 -2.0126385737939034E-01 a       119     0     6     1    19
 -9.4368605475799450E-01 a       120     0     6     1    20
 -7.1751598654488136E-01 a       121     0     7     1     1
 -5.4676052959786314E-01 a       122     0     7     1     2
 -1.5201188997203141E-01 a       123     0     7     1     3
  6.1724903807325804E-01 a       124     0     7     1     4
 -1.2471381753575353E-01 a       125     0     7     1     5
  4.9960800478446077E-01 a       126     0     7     1     6
 -1.0987999042496191E-01 a       127     0     7     1     7
 -9.5395109772191278E-01 a       128     0     7     1     8
  5.0900106910573428E-01 a       129     0     7     1     9
  1.0593845266517675E-01 a       130     0     7     1    10
  3.9276239605615137E-01 a       131     0     7     1    11
  7.1247441934807337E-02 a       132     0     7     1    12
 -8.1433077365960627E-01 a       133     0     7     1    13
 -3.2506901646353736E-01 a       134     0     7     1    14
  1.5034815531508877E-01 a       135     0     7     1    15
  4.1923060917340899E-01 a       136     0     7     1    16
  9.7880552300040016E-02 a       137     0     7     1    17
  2.3676075197592534E-02 a       138     0     7     1    18
  5.3776013748365370E-01 a       139     0     7     1    19
  7.9717844054343834E-01 a       140     0     7     1    20
  9.7905342020052660E-02 a       141     0     8     1     1
  1.6239096274786266E-01 a       142     0     8     1     2
 -8.4627466200264900E-02 a       143     0     8     1     3
  3.7439539785727505E-01 a       144     0     8     1     4
 -6.7553503341802934E-02 a       145     0     8     1     5
 -1.5750368670225262E-01 a       146     0     8     1     6
  2.4483349587919850E-01 a       147     0     8     1     7
  1.6493916219513538E-01 a       148     0     8     1     8
 -4.0831486847562402E-02 a       149     0     8     1     9
  3.4587433180982996E-01 a       150     0     8     1    10
 -7.5470183972371832E-02 a       151     0     8     1    11
 -5.8723217928840865E-01 a       152     0     8     1    12
  5.8215977233950633E-01 a       153     0     8     1    13
 -2.8782854802440982E-01 a       154     0     8     1    14
  1.1962699294880767E-01 a       155     0     8     1    15
  9.5238945472538375E-02 a       156     0     8     1    16
  3.6425346935901895E-02 a       157     0     8     1    17
  5.2247460981324434E-01 a       158     0     8     1    18
 -5.4637478033797565E-02 a       159     0     8     1    19
 -2.3196372216153424E-01 a       160     0     8     1    20
 -4.3760972896454658E-01 a       161     0     9     1     1
 -1.2676245231945885E-01 a       162     0     9     1     2
 -2.2878342962304121E-01 a       163     0     9     1     3
  4.1692779882209313E-01 a       164     0     9     1     4
  1.4817742797098479E-01 a       165     0     9     1     5
 -5.2152338240904594E-01 a       166     0     9     1     6
 -2.5911649050083357E-01 a       167     0     9     1     7
 -2.6129594566172643E-01 a       168     0     9     1     8
  2.1576033535998060E-01 a       169     0     9     1     9
 -1.5700736632740700E-01 a       170     0     9     1    10
 -2.9072194348325880E-01 a       171     0     9     1    11
 -9.3443001926355879E-02 a       172     0     9     1    12
 -1.3283664102032600E-02 a       173     0     9     1    13
 -7.0749801873937229E-02 a       174     0     9     1    14
  3.8056257294165541E-01 a       175     0     9     1    15
 -6.0608841679056495E-02 a       176     0     9     1    16
 -1.1299737720144767E-01 a       177     0     9     1    17
  4.0856500089273784E-01 a       178     0     9     1    18
 -2.6686027389018019E-01 a       179     0     9     1    19
  5.6681454130418765E-02 a       180     0     9     1    20
  1.8051479724109198E-01 a       181     0    10     1     1
  5.9009305213020974E-02 a       182     0    10     1     2
 -8.4266959669129810E-02 a       183     0    10     1     3
  1.3244592591539325E-01 a       184     0    10     1     4
  1.7250361223705149E-01 a       185     0    10     1     5
 -9.9060492625155414E-02 a       186     0    10     1     6
  2.4154227463905326E-01 a       187     0    10     1     7
 -7.1938570546318370E-01 a       188     0    10     1     8
  3.8764198830239965E-01 a       189     0    10     1     9
  2.2713010574351497E-01 a       190     0    10     1    10
 -1.8783518081066669E-01 a       191     0    10     1    11
  4.4661324637034083E-01 a       192     0    10     1    12
 -1.5909475245790849E-01 a       193     0    10     1    13
  3.0746071735096664E-01 a       194     0    10     1    14
 -3.9446123996977500E-02 a       195     0    10     1    15
 -1.8480148867912888E-01 a       196     0    10     1    16
 -1.7092420902911909E-01 a       197     0    10     1    17
  1.6512620787979077E-01 a       198     0    10     1    18
  2.2332750488319938E-01 a       199     0    10     1    19
  2.1635309072300166E-01 a       200     0    10     1    20
  4.0007702495594882E-01 a       201     0    11     1     1
 -4.3658125256797353E-01 a       202     0    11     1     2
  4.5724346295569268E-01 a       203     0    11     1     3
  2.4819424431090886E-01 a       204     0    11     1     4
 -2.2272342167426382E-01 a       205     0    11     1     5
  4.7302336785759513E-01 a       206     0    11     1     6
 -2.2541597688687451E-01 a       207     0    11     1     7
  2.5128935404141700E-01 a       208     0    11     1     8
  1.2345840249183286E-01 a       209     0    11     1     9
  1.1451438178770630E-01 a       210     0    11     1    10
  1.1318249804462764E-01 a       211     0    11     1    11
 -1.9024639655207359E-01 a       212     0    11     1    12
  7.6306205464108462E-02 a       213     0    11     1    13
  5.4232016742261545E-02 a       214     0    11     1    14
 -2.8110317593745521E-01 a       215     0    11     1    15
  2.4429680194666448E-02 a       216     0    11     1    16
  8.3128531944329065E-02 a       217     0    11     1    17
  6.0523501078532556E-03 a       218     0    11     1    18
  5.9114179099422438E-02 a       219     0    11     1    19
 -7.7170534411727831E-02 a       220     0    11     1    20
  2.1090546469894872E-01 a       221     0    12     1     1
 -2.7988436320632798E-01 a       222     0    12     1     2
  1.3990282140841442E-01 a       223     0    12     1     3
 -1.6993143211103579E-01 a       224     0    12     1     4
  2.9156271404735458E-02 a       225     0    12     1     5
  2.1037756889514156E-01 a       226     0    12     1     6
 -1.4108628799656500E-01 a       227     0    12     1     7
  2.4271836106478342E-01 a       228     0    12     1     8
  1.1280462312602671E-01 a       229     0    12     1     9
 -5.4765459933741857E-02 a       230     0    12     1    10
  3.8239347130106177E-01 a       231     0    12     1    11
 -1.1811620738450761E-01 a       232     0    12     1    12
  2.8118416532243493E-02 a       233     0    12     1    13
 -5.5709587847025022E-01 a       234     0    12     1    14
 -3.2150218978841255E-01 a       235     0    12     1    15
  1.0070270973760252E-01 a       236     0    12     1    16
 -3.6106935887364056E-01 a       237     0    12     1    17
  1.5123935184288087E-01 a       238     0    12     1    18
 -7.7437248544978077E-02 a       239     0    12     1    19
  1.5901934373448104E-01 a       240     0    12     1    20
 -3.1191037055397410E-02 a       241     0    13     1     1
 -3.1761704635665455E-01 a       242     0    13     1     2
  4.4724115469839265E-01 a       243     0    13     1     3
  3.2213228079855999E-01 a       244     0    13     1     4
 -2.7893944284964939E-01 a       245     0    13     1     5
  6.2602594227136388E-01 a       246     0    13     1     6
 -1.5879694733254868E-01 a       247     0    13     1     7
 -1.6118354310609716E-02 a       248     0    13     1     8
  8.4168045932085400E-01 a       249     0    13     1     9
 -1.9463702974674491E-01 a       250     0    13     1    10
 -6.5812855717225838E-01 a       251     0    13     1    11
 -2.5560824795466214E-01 a       252     0    13     1    12
 -3.3055303160021360E-01 a       253     0    13     1    13
 -1.3446801530608973E-01 a       254     0    13     1    14
 -2.1711101199753856E-02 a       255     0    13     1    15
  1.0337409180864084E-01 a       256     0    13     1    16
  1.2972673104933147E-01 a       257     0    13     1    17
  5.0728573839908864E-01 a       258     0    13     1    18
 -2.8126024033943275E-01 a       259     0    13     1    19
  2.0557968969504770E-01 a       260     0    13     1    20
 -1.9664321797944079E-01 a       261     0    14     1     1
 -4.2421026321686678E-01 a       262     0    14     1     2
  1.5630032020981541E-01 a       263     0    14     1     3
 -1.0074585412772728E-01 a       264     0    14     1     4
  9.6430697049856473E-01 a       265     0    14     1     5
 -2.0666256706392860E-01 a       266     0    14     1     6
 -2.0758779744539321E-01 a       267     0    14     1     7
 -4.3190006262207942E-01 a       268     0    14     1     8
 -5.0969718116405893E-01 a       269     0    14     1     9
  3.3496430057583010E-01 a       270     0    14     1    10
  6.0394365964814407E-02 a       271     0    14     1    11
  6.3583330992984310E-01 a       272     0    14     1    12
  3.6688120160024168E-01 a       273     0    14     1    13
 -8.4923962753267069E-03 a       274     0    14     1    14
  2.3826717692185392E-01 a       275     0    14     1    15
 -1.5295724861384413E-01 a       276     0    14     1    16
 -2.8666115238949519E-01 a       277     0    14     1    17
  2.4571135853899828E-01 a       278     0    14     1    18
 -1.0609093599833995E-01 a       279     0    14     1    19
  7.9857409187842066E-02 a       280     0    14     1    20
  3.0921972632271733E-01 a       281     0    15     1     1
  2.2115252167770569E-01 a       282     0    15     1     2
 -1.7148401746964731E-01 a       283     0    15     1     3
 -6.4982819456715513E-01 a       284     0    15     1     4
  2.1808637992020549E-01 a       285     0    15     1     5
 -6.1111166919317750E-01 a       286     0    15     1     6
  4.5921867683261797E-01 a       287     0    15     1     7
  6.1468064916077181E-01 a       288     0    15     1     8
 -1.1767206630683806E-01 a       289     0    15     1     9
 -1.9142018069804922E-01 a       290     0    15     1    10
  2.6695046063082234E-01 a       291     0    15     1    11
  1.3953570941325244E-01 a       292     0    15     1    12
 -1.3927068779088925E-01 a       293     0    15     1    13
 -1.5085636707597125E-01 a       294     0    15     1    14
 -1.1547306626419282E-01 a       295     0    15     1    15
 -1.0179046774109081E-01 a       296     0    15     1    16
 -4.9551684730774997E-01 a       297     0    15     1    17
 -4.6461163190055353E-02 a       298     0    15     1    18
 -3.5246831861398592E-01 a       299     0    15     1    19
 -3.0300489633593186E-01 a       300     0    15     1    20
 -5.0974500947152213E-01 a       301     0    16     1     1
 -1.1549636911116770E+00 a       302     0    16     1     2
  6.5851725095779323E-01 a       303     0    16     1     3
 -1.3894623599019856E-01 a       304     0    16     1     4
 -2.1186102572041405E+00 a       305     0    16     1     5
 -3.4288341990109883E-01 a       306     0    16     1     6
  4.1262540245957267E-03 a       307     0    16     1     7
 -2.7400659566907815E-01 a       308     0    16     1     8
  6.5818528675587318E-01 a       309     0    16     1     9
  3.2951644923166279E-01 a       310     0    16     1    10
 -1.9004063319572298E-01 a       311     0    16     1    11
 -1.6783038413118653E-01 a       312     0    16     1    12
 -5.0716731933710357E-01 a       313     0    16     1    13
 -1.1525809716400099E-02 a       314     0    16     1    14
 -1.9048823275518562E-01 a       315     0    16     1    15
 -1.3863858129701517E-01 a       316     0    16     1    16
  1.3408359454427274E-01 a       317     0    16     1    17
 -3.4600513730578186E-01 a       318     0    16     1    18
 -5.5674176533033770E-01 a       319     0    16     1    19
  2.4205714026773764E-01 a       320     0    16     1    20
  3.1164217598769828E-01 a       321     0    17     1     1
  1.5478417754339175E+00 a       322     0    17     1     2
  2.1967762683450576E-01 a       323     0    17     1     3
  1.0566401851351030E+00 a       324     0    17     1     4
  2.2599032145022924E+00 a       325     0    17     1     5
 -2.1834022564185034E-02 a       326     0    17     1     6
 -2.3171219097940154E-01 a       327     0    17     1     7
  3.9563978536351974E-01 a       328     0    17     1     8
 -2.5066945265505519E-01 a       329     0    17     1     9
 -5.6515445226853900E-01 a       330     0    17     1    10
  3.3253987939802027E-01 a       331     0    17     1    11
 -2.8590273482377015E-01 a       332     0    17     1    12
  4.4115694204954647E-01 a       333     0    17     1    13
  2.9906071998941963E-01 a       334     0    17     1    14
  6.1785640253149243E-01 a       335     0    17     1    15
  3.1917858140106992E-01 a       336     0    17     1    16
  7.1626091913727749E-02 a       337     0    17     1    17
  6.9040432871794111E-01 a       338     0    17     1    18
  6.1596752532952270E-01 a       339     0    17     1    19
  3.8759883667328923E-02 a       340     0    17     1    20
  4.7734810024361368E-01 a       341     0    18     1     1
 -1.0050069294285706E-01 a       342     0    18     1     2
 -5.7297110985643029E-01 a       343     0    18     1     3
 -2.0147461994161425E-01 a       344     0    18     1     4
  3.4249918305020627E-01 a       345     0    18     1     5
  2.2848169720173367E-01 a       346     0    18     1     6
 -3.8575959897163614E-01 a       347     0    18     1     7
 -3.9200123853766566E-01 a       348     0    18     1     8
 -4.8646536394791973E-01 a       349     0    18     1     9
  2.5982996241078760E-01 a       350     0    18     1    10
 -6.2127729344184868E-01 a       351     0    18     1    11
  2.7857882037597176E-01 a       352     0    18     1    12
 -1.1623103134917336E-01 a       353     0    18     1    13
 -4.2391068365525003E-01 a       354     0    18     1    14
 -3.1355343034849198E-01 a       355     0    18     1    15
 -5.5316590004097299E-01 a       356     0    18     1    16
  2.1892961353710755E-01 a       357     0    18     1    17
  2.1999690573435071E-01 a       358     0    18     1    18
  3.8304923151784226E-01 a       359     0    18     1    19
 -4.3358506871578917E-01 a       360     0    18     1    20
 -3.6012428323024903E-01 a       361     0    19     1     1
 -2.8928339448061480E-01 a       362     0    19     1     2
 -2.5609454417809457E-01 a       363     0    19     1     3
 -1.7225107909749370E-02 a       364     0    19     1     4
 -4.5064058639031185E-01 a       365     0    19     1     5
  1.2626095441346058E-01 a       366     0    19     1     6
  8.7876260068544265E-01 a       367     0    19     1     7
  6.3787700138557861E-03 a       368     0    19     1     8
  6.6700154180053017E-01 a       369     0    19     1     9
 -2.0985341429911034E-01 a       370     0    19     1    10
  5.1389018839440415E-01 a       371     0    19     1    11
 -4.5555273634309071E-02 a       372     0    19     1    12
  2.1908800989255023E-01 a       373     0    19     1    13
  3.3889342364529634E-01 a       374     0    19     1    14
  5.8677692970550933E-03 a       375     0    19     1    15
 -1.4859469175694848E-01 a       376     0    19     1    16
 -4.7755199459855052E-01 a       377     0    19     1    17
 -1.2480759314752325E+00 a       378     0    19     1    18
 -4.7174240170941767E-01 a       379     0    19     1    19
  4.7821143633009000E-01 a       380     0    19     1    20
  5.8363802102767570E-01 a       381     0    20     1     1
  1.0613959641086010E-02 a       382     0    20     1     2
 -3.0985190045848060E-01 a       383     0    20     1     3
  1.4773275247207854E-01 a       384     0    20     1     4
  1.2334326313721984E+00 a       385     0    20     1     5
  2.6642152816170956E-02 a       386     0    20     1     6
 -3.9747379334805033E-01 a       387     0    20     1     7
  5.5308993676303808E-01 a       388     0    20     1     8
 -3.7818164908004342E-01 a       389     0    20     1     9
 -7.3869692500432904E-01 a       390     0    20     1    10
 -3.8111514793625911E-01 a       391     0    20     1    11
  3.8119326063574777E-01 a       392     0    20     1    12
  3.4419299685133004E-01 a       393     0    20     1    13
 -4.1122602182930135E-01 a       394     0    20     1    14
 -7.4002673329688726E-02 a       395     0    20     1    15
 -6.0467671411438395E-01 a       396     0    20     1    16
  4.1108359594932677E-02 a       397     0    20     1    17
  4.7401675671679361E-01 a       398     0    20     1    18
 -2.2467930979153877E-01 a       399     0    20     1    19
  1.4113259498098035E-01 a       400     0    20     1    20
  3.2315013879021287E-01 a       401     0    21     1     1
 -6.3390925245667984E-01 a       402     0    21     1     2
  3.0283776967905133E-02 a       403     0    21     1     3
 -8.1576197541410289E-01 a       404     0    21     1     4
 -8.8420470803599360E-01 a       405     0    21     1     5
 -7.2558072508858332E-02 a       406     0    21     1     6
  1.3101439070682727E-01 a       407     0    21     1     7
 -2.1462718167385433E-01 a       408     0    21     1     8
 -5.8731801237295067E-01 a       409     0    21     1     9
  6.5845561624262761E-01 a       410     0    21     1    10
  1.4349492718291350E-02 a       411     0    21     1    11
 -1.8047992265016125E-01 a       412     0    21     1    12
 -5.1152436534991574E-01 a       413     0    21     1    13
 -2.5447331460320194E-01 a       414     0    21     1    14
 -3.1268463086158810E-01 a       415     0    21     1    15
 -1.9736675824345573E-02 a       416     0    21     1    16
  2.8722526885918620E-01 a       417     0    21     1    17
  1.9678945535193429E-01 a       418     0    21     1    18
 -1.2987232416877817E-01 a       419     0    21     1    19
 -2.1299761935693648E-01 a       420     0    21     1    20
  4.5906474037948598E-02 a       421     0    22     1     1
  1.0215389953841220E-01 a       422     0    22     1     2
  4.1745406450295242E-01 a       423     0    22     1     3
  8.7852325077041793E-01 a       424     0    22     1     4
 -4.8392764235968921E-01 a       425     0    22     1     5
 -4.9997650530772519E-01 a       426     0    22     1     6
  8.9404885234704456E-01 a       427     0    22     1     7
 -5.4204922997124386E-02 a       428     0    22     1     8
  3.0854887756616750E-01 a       429     0    22     1     9
  3.2505637622816996E-01 a       430     0    22     1    10
 -1.5016177869739533E-01 a       431     0    22     1    11
  4.9169266007385720E-01 a       432     0    22     1    12
 -2.5771533201325657E-02 a       433     0    22     1    13
  2.0701637681596072E-01 a       434     0    22     1    14
  4.3073463473962226E-01 a       435     0    22     1    15
 -2.4578916565759024E-01 a       436     0    22     1    16
  1.1630589939478226E+00 a       437     0    22     1    17
 -4.0813816014668974E-01 a       438     0    22     1    18
 -7.2256619685621115E-01 a       439     0    22     1    19
 -3.8795033178079424E-01 a       440     0    22     1    20
  4.5217832394286767E-01 a       441     0    23     1     1
 -2.9983845970047529E-01 a       442     0    23     1     2
 -1.8734337343920027E-01 a       443     0    23     1     3
 -9.5805061963612270E-01 a       444     0    23     1     4
  1.0619334347762766E+00 a       445     0    23     1     5
  8.1050338720394610E-01 a       446     0    23     1     6
 -1.1371659937169307E+00 a       447     0    23     1     7
 -1.1230949588926979E-01 a       448     0    23     1     8
 -1.0137955939192496E-01 a       449     0    23     1     9
 -6.4031768558027291E-01 a       450     0    23     1    10
 -1.5184967026029053E-01 a       451     0    23     1    11
 -9.7942313601009245E-02 a       452     0    23     1    12
  2.8333183173528004E-01 a       453     0    23     1    13
 -1.7336088112387668E-01 a       454     0    23     1    14
 -2.1805058540570560E-01 a       455     0    23     1    15
  7.7239835856519312E-01 a       456     0    23     1    16
 -3.2456540229162190E-01 a       457     0    23     1    17
  1.1112250577707435E-01 a       458     0    23     1    18
  8.8310217217932740E-01 a       459     0    23     1    19
 -2.2231791556861891E-01 a       460     0    23     1    20
  1.1276835983179867E-01 a       461     0    24     1     1
  3.2417019615993808E-01 a       462     0    24     1     2
 -1.5506471663548418E-01 a       463     0    24     1     3
 -6.1568491627319234E-02 a       464     0    24     1     4
 -2.3103390923147721E-01 a       465     0    24     1     5
  1.2350243890993727E-01 a       466     0    24     1     6
  1.4637764067057810E-01 a       467     0    24     1     7
  1.6455134102133831E-01 a       468     0    24     1     8
  2.9990918463311139E-01 a       469     0    24     1     9
 -3.1776834501933682E-01 a       470     0    24     1    10
 -2.7051467189409428E-01 a       471     0    24     1    11
 -1.0576867656464203E-01 a       472     0    24     1    12
  6.1027591999847114E-02 a       473     0    24     1    13
  1.6315629997958975E-01 a       474     0    24     1    14
  2.3503413065220215E-02 a       475     0    24     1    15
 -4.0611242954252080E-01 a       476     0    24     1    16
  3.7975857349318465E-01 a       477     0    24     1    17
 -9.4403811972914170E-02 a       478     0    24     1    18
 -3.9827754740812948E-01 a       479     0    24     1    19
 -2.3169821197487936E-01 a       480     0    24     1    20
  3.7240197427375429E-02 a       481     0    25     1     1
  5.3445870736187140E-01 a       482     0    25     1     2
 -1.9226522866446041E-01 a       483     0    25     1     3
 -9.2029832877434303E-01 a       484     0    25     1     4
  2.7580183308726552E-01 a       485     0    25     1     5
 -3.6355807440428950E-01 a       486     0    25     1     6
 -1.6580937942977086E-01 a       487     0    25     1     7
  5.3278619177175612E-01 a       488     0    25     1     8
 -7.9534241376019255E-01 a       489     0    25     1     9
  1.6115225896034982E-01 a       490     0    25     1    10
 -4.7465243483178804E-01 a       491     0    25     1    11
  6.2076419564980478E-01 a       492     0    25     1    12
  1.3473720871364595E-01 a       493     0    25     1    13
  5.6382386778853932E-01 a       494     0    25     1    14
  3.3334522236857278E-01 a       495     0    25     1    15
 -2.2028721443930607E-01 a       496     0    25     1    16
 -1.6674872935381502E-01 a       497     0    25     1    17
 -6.4663844087376729E-02 a       498     0    25     1    18
 -4.0273556854294340E-01 a       499     0    25     1    19
  2.3987109937321097E-01 a       500     0    25     1    20
 -8.4408375717957485E-01 a       501     0    26     1     1
  1.1434907465633419E+00 a       502     0    26     1     2
  5.3601364408424257E-01 a       503     0    26     1     3
 -1.1232401320982247E-03 a       504     0    26     1     4
 -7.4036795154706503E-01 a       505     0    26     1     5
 -2.4131603450716971E-01 a       506     0    26     1     6
  1.0993178447958768E-02 a       507     0    26     1     7
 -1.2143621590855655E-01 a       508     0    26     1     8
 -3.3175944931126039E-01 a       509     0    26     1     9
 -2.9989248617577907E-01 a       510     0    26     1    10
  1.3272843901694020E-01 a       511     0    26     1    11
  1.3833740441774697E-01 a       512     0    26     1    12
 -1.2046524291852974E-01 a       513     0    26     1    13
  2.7362216621637986E-01 a       514     0    26     1    14
 -2.8337776820892949E-02 a       515     0    26     1    15
 -5.6710004355121713E-01 a       516     0    26     1    16
  4.9040967828461274E-01 a       517     0    26     1    17
 -8.3893612142856633E-01 a       518     0    26     1    18
  2.6016661335302788E-01 a       519     0    26     1    19
 -1.3185041706779150E+00 a       520     0    26     1    20
  3.2805822284230934E-01 a       521     0    27     1     1
  4.6783531942439027E-01 a       522     0    27     1     2
 -4.3004894221783974E-01 a       523     0    27     1     3
  1.6559778827494764E-01 a       524     0    27     1     4
  2.9002084486663487E-01 a       525     0    27     1     5
  1.4765038560859528E-02 a       526     0    27     1     6
 -3.1388024690920735E-01 a       527     0    27     1     7
  1.8215439352437265E-01 a       528     0    27     1     8
  1.2749767314775642E-01 a       529     0    27     1     9
 -2.0497956065509867E-01 a       530     0    27     1    10
  2.8547476849805203E-01 a       531     0    27     1    11
 -4.1660375942889066E-01 a       532     0    27     1    12
  4.7177355647371233E-01 a       533     0    27     1    13
  5.1393092596144918E-01 a       534     0    27     1    14
 -1.1899859072112436E-01 a       535     0    27     1    15
  1.6689030719469951E+00 a       536     0    27     1    16
  3.9351760826721309E-02 a       537     0    27     1    17
 -4.0596830206293871E-01 a       538     0    27     1    18
  6.8807752891753227E-01 a       539     0    27     1    19
 -3.0763876205400453E-01 a       540     0    27     1    20
  4.3262356296650525E-02 a       541     0    28     1     1
 -2.1375415590831857E-03 a       542     0    28     1     2
  1.7348966688742903E-02 a       543     0    28     1     3
  4.2751011449359139E-01 a       544     0    28     1     4
 -3.6664458517864068E-01 a       545     0    28     1     5
  4.3621488145615850E-01 a       546     0    28     1     6
 -1.2461650818599275E-02 a       547     0    28     1     7
 -6.1869788669644366E-01 a       548     0    28     1     8
 -4.2064807906533708E-01 a       549     0    28     1     9
  5.0867128893482427E-01 a       550     0    28     1    10
 -2.8514757930023099E-01 a       551     0    28     1    11
 -2.3753519959806726E-01 a       552     0    28     1    12
  1.3803545745505238E-01 a       553     0    28     1    13
  3.1937479614198866E-01 a       554     0    28     1    14
  6.7665584218101954E-02 a       555     0    28     1    15
  3.2317756922267277E-01 a       556     0    28     1    16
  2.8821366444668605E-02 a       557     0    28     1    17
 -6.0504910537167556E-01 a       558     0    28     1    18
  6.5879124642219999E-01 a       559     0    28     1    19
  2.7044961111907984E-01 a       560     0    28     1    20
 -1.7290440106120902E-01 a       561     0    29     1     1
 -3.5483846170023642E-01 a       562     0    29     1     2
  6.6443789046297963E-01 a       563     0    29     1     3
 -4.0587856257375798E-01 a       564     0    29     1     4
  4.5342820569316780E-02 a       565     0    29     1     5
 -2.0717565389119461E-01 a       566     0    29     1     6
  7.1086687119594552E-02 a       567     0    29     1     7
 -3.2573770051211909E-01 a       568     0    29     1     8
 -3.0756071143590585E-01 a       569     0    29     1     9
  1.6018837820046525E-01 a       570     0    29     1    10
 -1.7444634330757208E-01 a       571     0    29     1    11
  3.7974736005125587E-01 a       572     0    29     1    12
  4.3955938243872533E-01 a       573     0    29     1    13
  2.5447132616375950E-01 a       574     0    29     1    14
 -4.2519766774462564E-01 a       575     0    29     1    15
 -6.6342802563892314E-02 a       576     0    29     1    16
 -3.1191808188396764E-01 a       577     0    29     1    17
 -2.4741939599897886E-01 a       578     0    29     1    18
  5.1719549457932179E-01 a       579     0    29     1    19
  1.0879875674626030E-01 a       580     0    29     1    20
  1.6092988393645399E-01 a       581     0    30     1     1
  2.6003958075850225E-01 a       582     0    30     1     2
 -6.2489144508546490E-01 a       583     0    30     1     3
 -3.4762788317886269E-02 a       584     0    30     1     4
 -8.0174822920236921E-01 a       585     0    30     1     5
  4.6358770952562950E-01 a       586     0    30     1     6
  2.3484505710225445E-01 a       587     0    30     1     7
  3.6487412904037952E-01 a       588     0    30     1     8
  3.0410199632272528E-01 a       589     0    30     1     9
 -2.9037260714426866E-01 a       590     0    30     1    10
 -3.3362695854515939E-01 a       591     0    30     1    11
  1.0238491902779083E-01 a       592     0    30     1    12
 -7.3341965033982703E-01 a       593     0    30     1    13
 -3.1365941989034435E-01 a       594     0    30     1    14
  6.2665737989891418E-02 a       595     0    30     1    15
 -1.1919898579018286E-01 a       596     0    30     1    16
  6.3950381672344514E-02 a       597     0    30     1    17
 -1.6311619523198914E-01 a       598     0    30     1    18
 -7.4238240385563786E-02 a       599     0    30     1    19
 -4.2279299454064849E-03 a       600     0    30     1    20
  5.2596898333759268E-01 a       601     0    31     1     1
  6.1266579492745699E-01 a       602     0    31     1     2
  6.7123980633056329E-02 a       603     0    31     1     3
  3.7797156326796105E-01 a       604     0    31     1     4
 -3.3057170696554605E-01 a       605     0    31     1     5
  2.5249485832465501E-01 a       606     0    31     1     6
  2.7854216150456551E-02 a       607     0    31     1     7
 -1.1367871936577667E-01 a       608     0    31     1     8
  2.2126175248370530E-01 a       609     0    31     1     9
 -1.1773011174775586E-01 a       610     0    31     1    10
  2.3319895255406164E-01 a       611     0    31     1    11
  1.7023241966316444E-01 a       612     0    31     1    12
 -8.2424878698367332E-01 a       613     0    31     1    13
  3.4038660127359999E-01 a       614     0    31     1    14
  2.2890993304329730E-02 a       615     0    31     1    15
 -5.8348434545627985E-02 a       616     0    31     1    16
 -2.6014186377684850E-01 a       617     0    31     1    17
  3.1800920636260510E-01 a       618     0    31     1    18
 -7.1188349581738780E-03 a       619     0    31     1    19
  3.0525576645957475E-01 a       620     0    31     1    20
  2.3895909926048417E-01 a       621     0    32     1     1
  3.4575081120310858E-01 a       622     0    32     1     2
 -6.3703769923545928E-01 a       623     0    32     1     3
 -9.9653590907831324E-02 a       624     0    32     1     4
  2.0995784657275829E-01 a       625     0    32     1     5
 -1.2274441911303720E+00 a       626     0    32     1     6
 -1.0761307679114764E-01 a       627     0    32     1     7
 -6.3458930039757888E-01 a       628     0    32     1     8
 -5.9262648238551915E-02 a       629     0    32     1     9
 -3.0729399036516419E-01 a       630     0    32     1    10
 -3.9605619548668164E-01 a       631     0    32     1    11
  2.6060775373828721E-01 a       632     0    32     1    12
  4.1752363813438484E-02 a       633     0    32     1    13
  7.7699341586288995E-02 a       634     0    32     1    14
  1.4809698910679889E-01 a       635     0    32     1    15
  1.3945493827979710E-01 a       636     0    32     1    16
 -7.2348114672288422E-01 a       637     0    32     1    17
 -5.0965720410076694E-02 a       638     0    32     1    18
  1.5655488287358130E-01 a       639     0    32     1    19
 -4.9492039276925651E-02 a       640     0    32     1    20
 -3.0648691350999746E-01 a       641     0    33     1     1
 -9.5225233720107427E-01 a       642     0    33     1     2
  2.6900609974318812E-01 a       643     0    33     1     3
  9.9807913006334875E-02 a       644     0    33     1     4
 -4.0753653715057470E-01 a       645     0    33     1     5
 -5.8385252410876209E-01 a       646     0    33     1     6
 -4.4319420524167447E-01 a       647     0    33     1     7
  3.1313121276278319E-02 a       648     0    33     1     8
  2.4826891660769732E-01 a       649     0    33     1     9
  1.0661540582594736E-01 a       650     0    33     1    10
  1.2393192071242312E-01 a       651     0    33     1    11
  2.5422158305669040E-01 a       652     0    33     1    12
  3.1418462184431745E-01 a       653     0    33     1    13
 -4.1554092098554968E-01 a       654     0    33     1    14
 -7.9716353722720801E-01 a       655     0    33     1    15
 -1.9969005008748431E-01 a       656     0    33     1    16
  4.5492058907893773E-01 a       657     0    33     1    17
  4.9595207928517640E-02 a       658     0    33     1    18
 -1.2032372530691678E-01 a       659     0    33     1    19
 -6.0261657170435712E-01 a       660     0    33     1    20
  1.0510937165052990E-01 a       661     0    34     1     1
  1.9930447126271866E-01 a       662     0    34     1     2
 -1.1847186118959403E-01 a       663     0    34     1     3
 -1.6769866716813212E-01 a       664     0    34     1     4
  2.5620453211702993E-01 a       665     0    34     1     5
 -1.2412338111473740E+00 a       666     0    34     1     6
 -1.7507757297753709E-01 a       667     0    34     1     7
 -7.8378573716278388E-01 a       668     0    34     1     8
 -1.0843746007658620E-01 a       669     0    34     1     9
  1.8182301833920814E-01 a       670     0    34     1    10
  5.5184353235916105E-02 a       671     0    34     1    11
 -1.7834117249940429E-01 a       672     0    34     1    12
  3.6444084081196393E-01 a       673     0    34     1    13
  3.5625269002946247E-01 a       674     0    34     1    14
  4.3845025469302690E-01 a       675     0    34     1    15
  4.6425439490778253E-01 a       676     0    34     1    16
 -9.4651937510594952E-01 a       677     0    34     1    17
 -3.4189793238398852E-01 a       678     0    34     1    18
  7.4967871229087338E-02 a       679     0    34     1    19
 -1.4758063632948773E-01 a       680     0    34     1    20
 -8.4349105452976969E-01 a       681     0    35     1     1
  1.0911331037550882E-01 a       682     0    35     1     2
  4.3565592662900454E-01 a       683     0    35     1     3
  6.8030602542768814E-01 a       684     0    35     1     4
 -3.5698691383503284E-01 a       685     0    35     1     5
  1.8560124958167068E+00 a       686     0    35     1     6
 -1.0792318175805685E-01 a       687     0    35     1     7
  5.1095251773777606E-01 a       688     0    35     1     8
  7.9152603169513291E-01 a       689     0    35     1     9
  3.0444860296335219E-01 a       690     0    35     1    10
 -2.6966869165685575E-01 a       691     0    35     1    11
  3.0493992328480712E-01 a       692     0    35     1    12
 -2.4461435117190444E-01 a       693     0    35     1    13
 -1.6797246054281939E-01 a       694     0    35     1    14
  4.3454006202987011E-01 a       695     0    35     1    15
  1.3848175292685205E-01 a       696     0    35     1    16
  2.2511026747146762E-01 a       697     0    35     1    17
  5.6072698080294336E-01 a       698     0    35     1    18
  6.6813137696140756E-01 a       699     0    35     1    19
 -2.7442639733972968E-01 a       700     0    35     1    20
 -3.8401767564991229E-01 a       701     0    36     1     1
  5.8048398866798390E-01 a       702     0    36     1     2
  6.3896103326146725E-01 a       703     0    36     1     3
 -1.9329808086993114E-01 a       704     0    36     1     4
  9.4028223259040877E-01 a       705     0    36     1     5
  1.1778601141770093E+00 a       706     0    36     1     6
  8.3919580487165624E-01 a       707     0    36     1     7
  4.5283117245662786E-03 a       708     0    36     1     8
 -8.0897289774849090E-01 a       709     0    36     1     9
 -5.7845656540119195E-01 a       710     0    36     1    10
  6.0230003780677943E-01 a       711     0    36     1    11
 -5.6543961521183593E-02 a       712     0    36     1    12
  7.4393425156679938E-01 a       713     0    36     1    13
 -1.0173751213771870E-01 a       714     0    36     1    14
 -4.5049078924185609E-01 a       715     0    36     1    15
 -2.0011895813746566E-01 a       716     0    36     1    16
 -5.4491983545625211E-01 a       717     0    36     1    17
  3.5452040175300698E-01 a       718     0    36     1    18
 -3.4541665821448336E-01 a       719     0    36     1    19
 -1.0215662024611045E+00 a       720     0    36     1    20
  1.8078969094096334E-01 a       721     0    37     1     1
 -2.0286687985327795E-01 a       722     0    37     1     2
  3.1049264729366405E-01 a       723     0    37     1     3
 -4.9621808401027101E-01 a       724     0    37     1     4
  1.1342223905960100E+00 a       725     0    37     1     5
  9.0912139268843450E-01 a       726     0    37     1     6
 -2.2373592059719596E-01 a       727     0    37     1     7
  2.2522861229871854E-01 a       728     0    37     1     8
  2.2046415092115565E-01 a       729     0    37     1     9
  4.6978634840453370E-01 a       730     0    37     1    10
  2.6394284724225486E-01 a       731     0    37     1    11
  4.5368821001877652E-01 a       732     0    37     1    12
  2.7432296466159473E-01 a       733     0    37     1    13
 -1.5977717240292541E-01 a       734     0    37     1    14
 -1.4112900784834087E-01 a       735     0    37     1    15
 -4.7834709514525697E-01 a       736     0    37     1    16
  5.7313406223540961E-02 a       737     0    37     1    17
  6.2809728017856070E-01 a       738     0    37     1    18
  5.4455736540657862E-01 a       739     0    37     1    19
 -4.5040613678414759E-01 a       740     0    37     1    20
  3.1999590648339887E-01 a       741     0    38     1     1
  3.4339018443476937E-01 a       742     0    38     1     2
 -9.6764944908196496E-02 a       743     0    38     1     3
 -1.6785595011255591E-01 a       744     0    38     1     4
 -2.0208583101879576E-01 a       745     0    38     1     5
 -3.5762733385397989E-02 a       746     0    38     1     6
  3.2504425163718142E-01 a       747     0    38     1     7
  5.2369037690379661E-01 a       748     0    38     1     8
 -5.5566411158865681E-01 a       749     0    38     1     9
 -2.8979530580463436E-01 a       750     0    38     1    10
 -1.6619208570558247E-01 a       751     0    38     1    11
  1.7585291229748234E-01 a       752     0    38     1    12
 -4.5979988260963106E-01 a       753     0    38     1    13
  3.6419470464582981E-01 a       754     0    38     1    14
  1.0588351602645857E-01 a       755     0    38     1    15
 -4.1589451042045528E-01 a       756     0    38     1    16
  8.3528621299258377E-01 a       757     0    38     1    17
  1.3334525307057435E-01 a       758     0    38     1    18
 -6.8862269204865156E-02 a       759     0    38     1    19
  5.9018533468917866E-01 a       760     0    38     1    20
  6.6679465831467088E-01 a       761     0    39     1     1
 -5.5792683474024085E-01 a       762     0    39     1     2
  7.3934497343828703E-02 a       763     0    39     1     3
 -6.8062282289883957E-01 a       764     0    39     1     4
  9.0326335593071638E-01 a       765     0    39     1     5
  9.9274119207996309E-02 a       766     0    39     1     6
  6.0424624994222929E-02 a       767     0    39     1     7
 -1.4608342485761075E-01 a       768     0    39     1     8
  3.8234660886501909E-01 a       769     0    39     1     9
  2.8040441133612232E-01 a       770     0    39     1    10
 -2.2092448611531770E-01 a       771     0    39     1    11
  2.6439133490082356E-01 a       772     0    39     1    12
  2.7811076187050937E-01 a       773     0    39     1    13
 -4.0642725174321376E-01 a       774     0    39     1    14
  3.6714558244701251E-01 a       775     0    39     1    15
  6.2243252923702877E-02 a       776     0    39     1    16
  4.0334034090055015E-01 a       777     0    39     1    17
  5.5050258235835980E-01 a       778     0    39     1    18
  4.6474419122773913E-01 a       779     0    39     1    19
 -1.4528467155716343E-01 a       780     0    39     1    20
  1.0776178296148961E-01 a       781     0    40     1     1
 -1.0301703436148237E+00 a       782     0    40     1     2
 -6.6051992995768716E-01 a       783     0    40     1     3
  3.0296678620873679E-01 a       784     0    40     1     4
 -6.9752611444459900E-01 a       785     0    40     1     5
 -2.3822522400800641E-01 a       786     0    40     1     6
 -1.8203189868634365E-01 a       787     0    40     1     7
 -6.9244763739165749E-01 a       788     0    40     1     8
  3.1297148948758458E-02 a       789     0    40     1     9
 -3.6982428913646631E-01 a       790     0    40     1    10
  1.5911361542045724E-01 a       791     0    40     1    11
 -2.1781875317981797E-01 a       792     0    40     1    12
  1.0323826350818360E-01 a       793     0    40     1    13
 -6.5612811078915656E-01 a       794     0    40     1    14
 -6.1691097990137937E-02 a       795     0    40     1    15
 -1.6371758019831345E-01 a       796     0    40     1    16
  1.2316714009750020E-01 a       797     0    40     1    17
  3.9559999379061050E-01 a       798     0    40     1    18
 -6.2684563829686102E-01 a       799     0    40     1    19
  8.4330711908527489E-01 a       800     0    40     1    20
 -3.7357849308408096E-02 a       801     0    41     1     1
 -1.4320461435867954E-01 a       802     0    41     1     2
  2.2121224789899302E-01 a       803     0    41     1     3
  4.9953690928130769E-02 a       804     0    41     1     4
  5.3962482345291718E-01 a       805     0    41     1     5
  8.7188497718452704E-02 a       806     0    41     1     6
 -2.6442323755112779E-01 a       807     0    41     1     7
  7.2397096024015672E-02 a       808     0    41     1     8
 -6.4238190090774874E-02 a       809     0    41     1     9
 -1.4945645494096560E-01 a       810     0    41     1    10
  3.1695711479839572E-01 a       811     0    41     1    11
  1.3149551587455102E-01 a       812     0    41     1    12
  6.0753375444052495E-02 a       813     0    41     1    13
  1.8454418328622404E-01 a       814     0    41     1    14
 -1.5502676417595726E-01 a       815     0    41     1    15
 -3.3927946279950144E-01 a       816     0    41     1    16
 -1.4743366292815396E-01 a       817     0    41     1    17
 -1.0469198387538479E-01 a       818     0    41     1    18
 -1.9967849553340880E-01 a       819     0    41     1    19
 -1.9378057068500551E-01 a       820     0    41     1    20
  6.7134067525357488E-01 a       821     0    42     1     1
 -6.9258894281972005E-01 a       822     0    42     1     2
  2.8422796444039250E-02 a       823     0    42     1     3
 -5.4959475611946706E-01 a       824     0    42     1     4
  8.1852570407896619E-02 a       825     0    42     1     5
  1.9300970700605707E-01 a       826     0    42     1     6
 -2.2384649697573925E-01 a       827     0    42     1     7
 -2.8255552115521843E-01 a       828     0    42     1     8
 -1.9293872747689145E-01 a       829     0    42     1     9
 -2.2594328125095048E-01 a       830     0    42     1    10
 -3.8401622039561834E-01 a       831     0    42     1    11
  4.7326405911058483E-01 a       832     0    42     1    12
 -5.7730424081186274E-03 a       833     0    42     1    13
 -2.0059475340603106E-01 a       834     0    42     1    14
 -1.2998132331504192E-01 a       835     0    42     1    15
 -1.7683755188901826E-01 a       836     0    42     1    16
  2.3915607630330238E-01 a       837     0    42     1    17
 -2.0852029915296602E-01 a       838     0    42     1    18
 -3.1683625653565139E-02 a       839     0    42     1    19
 -4.5212672883305072E-01 a       840     0    42     1    20
 -3.3424498234307154E-01 a       841     0    43     1     1
  3.0506669093309513E-01 a       842     0    43     1     2
  1.3156231708676666E-01 a       843     0    43     1     3
 -8.7771382575399196E-02 a       844     0    43     1     4
 -1.2948227614038355E-01 a       845     0    43     1     5
  1.5443627434930510E-01 a       846     0    43     1     6
 -3.8215888464250856E-02 a       847     0    43     1     7
 -7.8194465728074689E-02 a       848     0    43     1     8
  2.9770133434239895E-02 a       849     0    43     1     9
  2.2523504373808093E-01 a       850     0    43     1    10
 -3.4713423671949566E-02 a       851     0    43     1    11
 -8.7535479235617858E-02 a       852     0    43     1    12
 -8.1683325102527918E-02 a       853     0    43     1    13
 -4.2619535473863651E-01 a       854     0    43     1    14
  2.3952073768867385E-01 a       855     0    43     1    15
  1.8514187771657861E-01 a       856     0    43     1    16
 -3.3268713153596557E-01 a       857     0    43     1    17
 -1.0012152518243634E-02 a       858     0    43     1    18
 -5.1899218432232483E-02 a       859     0    43     1    19
  9.4846599265677414E-02 a       860     0    43     1    20
 -9.8768157801448919E-01 a       861     0    44     1     1
  1.3472319696305546E+00 a       862     0    44     1     2
 -2.2146069709633251E-01 a       863     0    44     1     3
  1.1548124299738558E+00 a       864     0    44     1     4
 -2.1782092776127451E-01 a       865     0    44     1     5
 -2.8132887187105388E-01 a       866     0    44     1     6
  3.3061252203369768E-01 a       867     0    44     1     7
  5.6326184605512108E-01 a       868     0    44     1     8
  4.7492796035807749E-01 a       869     0    44     1     9
  3.6697870073977512E-01 a       870     0    44     1    10
  9.1032695519244389E-01 a       871     0    44     1    11
 -6.9751654619305692E-01 a       872     0    44     1    12
  3.1945599638712890E-01 a       873     0    44     1    13
  7.9891170073103013E-01 a       874     0    44     1    14
  2.4646683840417100E-02 a       875     0    44     1    15
  8.6021455096646093E-01 a       876     0    44     1    16
  5.5653832114973162E-05 a       877     0    44     1    17
  3.7193658686220393E-01 a       878     0    44     1    18
  3.0443151242132099E-01 a       879     0    44     1    19
  4.8571679627360914E-01 a       880     0    44     1    20
  7.9533291240565285E-01 a       881     0    45     1     1
 -4.4969303399620908E-01 a       882     0    45     1     2
 -3.8966687677724438E-01 a       883     0    45     1     3
 -8.3556674394176156E-01 a       884     0    45     1     4
  1.1021631101036651E+00 a       885     0    45     1     5
  4.1108418080193455E-03 a       886     0    45     1     6
 -3.0018298559710005E-01 a       887     0    45     1     7
 -2.5742744118989869E-01 a       888     0    45     1     8
  9.1671417300083310E-02 a       889     0    45     1     9
  1.2480817219559738E-02 a       890     0    45     1    10
 -1.9774037513415621E-01 a       891     0    45     1    11
 -2.4847146619201507E-01 a       892     0    45     1    12
  4.3741115621481995E-02 a       893     0    45     1    13
 -7.5009437347893559E-01 a       894     0    45     1    14
  6.3483992695477753E-01 a       895     0    45     1    15
  8.4093817975530560E-01 a       896     0    45     1    16
  1.1797155539340198E-01 a       897     0    45     1    17
 -8.9262869714559889E-01 a       898     0    45     1    18
  1.3469697371616279E-01 a       899     0    45     1    19
  8.7493839132864504E-01 a       900     0    45     1    20
 -1.2729415600473404E+00 a       901     0    46     1     1
 -1.0818467384469628E-01 a       902     0    46     1     2
  3.6509905430141570E-01 a       903     0    46     1     3
  1.1680135598541059E+00 a       904     0    46     1     4
 -2.0341262449272723E+00 a       905     0    46     1     5
 -8.7478679212625987E-01 a       906     0    46     1     6
 -7.2553350400828986E-01 a       907     0    46     1     7
 -1.3340146820168384E+00 a       908     0    46     1     8
  9.7940805596469926E-01 a       909     0    46     1     9
  7.1283168217621629E-01 a       910     0    46     1    10
 -3.3587824667105826E-01 a       911     0    46     1    11
  1.0456149443625231E+00 a       912     0    46     1    12
 -8.5072977167457431E-01 a       913     0    46     1    13
  9.5719718588779901E-01 a       914     0    46     1    14
 -1.4122020830151055E-01 a       915     0    46     1    15
 -1.1298753545739091E+00 a       916     0    46     1    16
  1.8867237792020702E-01 a       917     0    46     1    17
  1.2633976076243772E-01 a       918     0    46     1    18
 -9.2028067772123967E-01 a       919     0    46     1    19
 -2.2044093169603113E-01 a       920     0    46     1    20
 -1.5600421236034881E-01 a       921     0    47     1     1
  4.2709487209166136E-01 a       922     0    47     1     2
  8.5599672827396212E-01 a       923     0    47     1     3
  1.5586592365589430E-01 a       924     0    47     1     4
 -6.7349563002891721E-01 a       925     0    47     1     5
 -4.5204102263461016E-01 a       926     0    47     1     6
 -6.8373992736192857E-01 a       927     0    47     1     7
 -9.9583595016648818E-02 a       928     0    47     1     8
 -1.8326098732079385E-01 a       929     0    47     1     9
 -8.0632782935931502E-01 a       930     0    47     1    10
 -3.7970066247050061E-01 a       931     0    47     1    11
  5.5854852084263884E-01 a       932     0    47     1    12
 -2.5742502493711511E-01 a       933     0    47     1    13
  9.0432607163184842E-01 a       934     0    47     1    14
  1.8159124231674606E-01 a       935     0    47     1    15
  4.0762354725183708E-01 a       936     0    47     1    16
 -4.8481382274865464E-01 a       937     0    47     1    17
  1.3428909486917950E-01 a       938     0    47     1    18
  7.7720453580036564E-01 a       939     0    47     1    19
 -6.0998203798028505E-01 a       940     0    47     1    20
 -4.7611100473901447E-01 a       941     0    48     1     1
  2.4624685500183985E-01 a       942     0    48     1     2
 -3.7230546801288600E-01 a       943     0    48     1     3
 -1.4865992708471973E-01 a       944     0    48     1     4
 -6.4238277672325733E-02 a       945     0    48     1     5
  5.7488200052025804E-02 a       946     0    48     1     6
  5.2744893670110671E-01 a       947     0    48     1     7
  6.3479166993890179E-01 a       948     0    48     1     8
 -2.8028238272466799E-01 a       949     0    48     1     9
  2.7642549453869319E-01 a       950     0    48     1    10
 -1.5294257521485857E-01 a       951     0    48     1    11
 -1.0183561573353851E-01 a       952     0    48     1    12
  3.4217065755440856E-01 a       953     0    48     1    13
 -5.8472687667049172E-01 a       954     0    48     1    14
  1.4216384031545751E-01 a       955     0    48     1    15
  6.2888325515000232E-02 a       956     0    48     1    16
 -3.4007461138091427E-01 a       957     0    48     1    17
  3.8532266692729689E-01 a       958     0    48     1    18
  5.7456013264682321E-03 a       959     0    48     1    19
 -1.6790583448615143E-02 a       960     0    48     1    20
  3.9410611305889537E-01 a       961     0    49     1     1
 -3.8279157628831934E-01 a       962     0    49     1     2
 -1.0083796937435665E+00 a       963     0    49     1     3
 -3.4728798347612355E-01 a       964     0    49     1     4
  1.4947487151201366E+00 a       965     0    49     1     5
  2.1342553595133409E-01 a       966     0    49     1     6
 -1.6026345514728810E-01 a       967     0    49     1     7
  1.0962919388779304E+00 a       968     0    49     1     8
 -5.8358223048861603E-02 a       969     0    49     1     9
 -1.7923798217970832E-01 a       970     0    49     1    10
  7.1310392979290849E-01 a       971     0    49     1    11
 -6.8517444932640148E-01 a       972     0    49     1    12
  9.5815922428533851E-01 a       973     0    49     1    13
 -5.0137452592586096E-01 a       974     0    49     1    14
  8.6996199656089668E-01 a       975     0    49     1    15
  1.8535661408676340E+00 a       976     0    49     1    16
  4.0704181489086978E-02 a       977     0    49     1    17
 -7.7265444718962784E-01 a       978     0    49     1    18
  8.8973718934185397E-01 a       979     0    49     1    19
  5.8341899168109657E-01 a       980     0    49     1    20
 -7.3105450870850963E-02 a       981     0    50     1     1
 -6.3964153941838120E-01 a       982     0    50     1     2
  3.4430120066162440E-01 a       983     0    50     1     3
  7.0724818349514784E-01 a       984     0    50     1     4
 -2.9178465807333418E+00 a       985     0    50     1     5
 -4.5623784913441510E-02 a       986     0    50     1     6
  4.2596263322071837E-01 a       987     0    50     1     7
  4.2252559281913254E-01 a       988     0    50     1     8
  8.1790968690646036E-03 a       989     0    50     1     9
  4.6424036987490697E-01 a       990     0    50     1    10
  6.9142843543093302E-02 a       991     0    50     1    11
 -8.2877006900874139E-01 a       992     0    50     1    12
 -8.9435787971556691E-01 a       993     0    50     1    13
  5.0787436785787765E-01 a       994     0    50     1    14
 -1.8476367025069873E+00 a       995     0    50     1    15
 -1.5710582851643013E+00 a       996     0    50     1    16
  1.3574559532609363E+00 a       997     0    50     1    17
 -1.0634819608024941E+00 a       998     0    50     1    18
 -1.8349273479892647E+00 a       999     0    50     1    19
  4.5701812163737626E-01 a      1000     0    50     1    20
 -1.1435623672480673E-01 a      1001     0    51     1     1
  1.7994910715812457E-02 a      1002     0    51     1     2
 -4.1430952530348647E-02 a      1003     0    51     1     3
 -5.2908031077409975E-02 a      1004     0    51     1     4
  1.7635999591777204E-01 a      1005     0    51     1     5
  5.1886959936490056E-02 a      1006     0    51     1     6
  9.5504621552706906E-02 a      1007     0    51     1     7
  4.8666795743095015E-01 a      1008     0    51     1     8
 -3.0488283809740896E-01 a      1009     0    51     1     9
 -1.3752827565329326E-01 a      1010     0    51     1    10
  5.1250706651561984E-01 a      1011     0    51     1    11
  3.1946965844302663E-02 a      1012     0    51     1    12
  2.0417916469856640E-01 a      1013     0    51     1    13
 -3.6441694619737597E-01 a      1014     0    51     1    14
 -1.7571546243860309E-01 a      1015     0    51     1    15
 -1.2202563940237920E-01 a      1016     0    51     1    16
  4.8836734134274207E-01 a      1017     0    51     1    17
  2.0182985002443765E-01 a      1018     0    51     1    18
 -3.6899856418067312E-02 a      1019     0    51     1    19
  2.5521743483277039E-02 a      1020     0    51     1    20
 -8.5475410311889732E-01 b      1021     1     1
 -5.2723670580435122E-01 b      1022     1     2
  4.7974915875949604E-02 b      1023     1     3
  9.4429953125688626E-01 b      1024     1     4
  1.4188003515279379E+00 b      1025     1     5
  8.1029206656210484E-01 b      1026     1     6
  1.0598887402751069E+00 b      1027     1     7
 -5.3745726600923505E-01 b      1028     1     8
  3.5095035177996042E-01 b      1029     1     9
 -6.3619908376082779E-01 b      1030     1    10
  6.6363966521216000E-01 b      1031     1    11
 -6.4160457084344313E-01 b      1032     1    12
  4.2981695055332281E-01 b      1033     1    13
  1.1078571875042633E+00 b      1034     1    14
  6.7401137644878417E-01 b      1035     1    15
 -4.2344736569677566E-01 b      1036     1    16
  9.9037385820356016E-01 b      1037     1    17
  2.1120591393449953E-01 b      1038     1    18
 -4.9416694217303786E-01 b      1039     1    19
  6.0224960579777620E-01 b      1040     1    20
 -5.1632146493739450E-01 a      1041     1     1     2     1
 -3.3139511872471072E-01 a      1042     1     1     2     2
  3.1046959636978202E-02 a      1043     1     1     2     3
 -1.0569713543800943E+00 a      1044     1     1     2     4
 -2.3233425605830288E-01 a      1045     1     1     2     5
 -1.3737055566600063E+00 a      1046     1     1     2     6
  2.8167914422215903E-02 a      1047     1     1     2     7
  3.1458383145316279E-02 a      1048     1     1     2     8
 -3.2828228136966098E-01 a      1049     1     1     2     9
  6.6411118587874052E-01 a      1050     1     1     2    10
  1.8733460776967734E-01 a      1051     1     1     2    11
  5.3927749813955050E-01 a      1052     1     1     2    12
  4.4824128118916295E-01 a      1053     1     1     2    13
  2.3789309129238467E-01 a      1054     1     1     2    14
 -1.0532993019360082E-01 a      1055     1     1     2    15
  7.2588656518114344E-02 a      1056     1     1     2    16
  1.5582778313646869E-01 a      1057     1     1     2    17
 -5.0094806228535660E-01 a      1058     1     1     2    18
 -3.3078168165676192E-01 a      1059     1     1     2    19
 -2.6827160556579693E-01 a      1060     1     1     2    20
  1.2874132757430187E-01 a      1061     1     2     2     1
 -1.7011215966977677E-01 a      1062     1     2     2     2
 -7.9902259549271759E-01 a      1063     1     2     2     3
  1.2237653391606119E-01 a      1064     1     2     2     4
 -6.0891880793097097E-01 a      1065     1     2     2     5
 -6.9683138197067607E-01 a      1066     1     2     2     6
 -1.1533756785832018E-01 a      1067     1     2     2     7
  5.1490633019092158E-01 a      1068     1     2     2     8
  4.9074303793435373E-02 a      1069     1     2     2     9
  8.8342179940249754E-01 a      1070     1     2     2    10
  2.6499005184006502E-01 a      1071     1     2     2    11
  6.7173223280951808E-02 a      1072     1     2     2    12
 -7.6673810210077553E-01 a      1073     1     2     2    13
  5.9126704703535826E-01 a      1074     1     2     2    14
  8.7444639333265406E-02 a      1075     1     2     2    15
 -1.0666800957815825E-01 a      1076     1     2     2    16
 -2.2746272368622003E-01 a      1077     1     2     2    17
  2.5420627189124584E-01 a      1078     1     2     2    18
  2.1423187489896092E-01 a      1079     1     2     2    19
  9.0504547187588535E-01 a      1080     1     2     2    20
 -4.9297306499344001E-01 a      1081     1     3     2     1
  2.5609963035216360E-01 a      1082     1     3     2     2
  7.4052585010552097E-01 a      1083     1     3     2     3
  1.8773444182004845E-01 a      1084     1     3     2     4
  1.3296453976073100E-01 a      1085     1     3     2     5
  2.3540329752237005E-01 a      1086     1     3     2     6
  6.1670378472926535E-01 a      1087     1     3     2     7
  1.3321689496100400E-01 a      1088     1     3     2     8
  5.1934429328142051E-01 a      1089     1     3     2     9
 -4.4724895106052032E-01 a      1090     1     3     2    10
 -1.1663641463155743E-01 a      1091     1     3     2    11
 -2.8026412535301104E-01 a      1092     1     3     2    12
 -3.4967147697284373E-01 a      1093     1     3     2    13
 -2.9989332921072864E-01 a      1094     1     3     2    14
 -3.1427191948994138E-01 a      1095     1     3     2    15
  2.6137306836821771E-02 a      1096     1     3     2    16
 -6.6395993685348620E-01 a      1097     1     3     2    17
  1.3946796910024414E-01 a      1098     1     3     2    18
  1.0127332973910212E+00 a      1099     1     3     2    19
  3.1742090691465857E-01 a      1100     1     3     2    20
 -1.6583130350889388E-01 a      1101     1     4     2     1
 -5.7265177688510704E-01 a      1102     1     4     2     2
 -9.8528421957321077E-01 a      1103     1     4     2     3
 -5.1955851630753691E-01 a      1104     1     4     2     4
  6.0627901900686565E-01 a      1105     1     4     2     5
 -5.0252886836887189E-01 a      1106     1     4     2     6
  4.2733996207819608E-01 a      1107     1     4     2     7
 -5.4914987406899141E-01 a      1108     1     4     2     8
  5.0762125462951808E-04 a      1109     1     4     2     9
 -4.0117081936703008E-01 a      1110     1     4     2    10
 -2.5511319742424532E-01 a      1111     1     4     2    11
  1.4756641775900442E-01 a      1112     1     4     2    12
  5.3496199845227832E-01 a      1113     1     4     2    13
  5.1602530438565952E-01 a      1114     1     4     2    14
 -4.2999003531655311E-01 a      1115     1     4     2    15
  4.5745541577473878E-03 a      1116     1     4     2    16
  2.4433877103477455E-03 a      1117     1     4     2    17
 -3.3108197138177714E-01 a      1118     1     4     2    18
 -4.5085239906893809E-01 a      1119     1     4     2    19
  4.6311684305619438E-01 a      1120     1     4     2    20
  2.2094150962135109E-01 a      1121     1     5     2     1
 -6.9532162928800512E-01 a      1122     1     5     2     2
 -9.7666328859709495E-01 a      1123     1     5     2     3
 -3.1548192589725044E-01 a      1124     1     5     2     4
 -1.8968862264877015E-01 a      1125     1     5     2     5
 -6.4160201919255122E-01 a      1126     1     5     2     6
 -1.1050310806136958E+00 a      1127     1     5     2     7
 -7.4601739498821862E-01 a      1128     1     5     2     8
 -6.7801902793242308E-01 a      1129     1     5     2     9
 -6.8988474725676630E-01 a      1130     1     5     2    10
  8.3027865253132949E-01 a      1131     1     5     2    11
 -3.4502785458010554E-01 a      1132     1     5     2    12
 -8.3252466767877920E-01 a      1133     1     5     2    13
  3.4829527175111917E-02 a      1134     1     5     2    14
 -4.6713149995037123E-01 a      1135     1     5     2    15
  1.2822859942832635E-01 a      1136     1     5     2    16
  1.3765817484745441E-01 a      1137     1     5     2    17
  2.8032500223540258E-01 a      1138     1     5     2    18
  1.6455443582071508E-01 a      1139     1     5     2    19
  5.6882233391755254E-03 a      1140     1     5     2    20
  1.7840525275709648E-01 a      1141     1     6     2     1
 -2.8285089740054142E-01 a      1142     1     6     2     2
  6.6030741893357295E-02 a      1143     1     6     2     3
 -1.2578039288515128E-02 a      1144     1     6     2     4
  4.4857500197800859E-01 a      1145     1     6     2     5
 -4.5098914042641436E-01 a      1146     1     6     2     6
  1.4622673435495576E-02 a      1147     1     6     2     7
  6.3561757932954044E-01 a      1148     1     6     2     8
  5.8161153341147320E-01 a      1149     1     6     2     9
  2.2895120143287809E-01 a      1150     1     6     2    10
 -5.2438091724696267E-01 a      1151     1     6     2    11
  8.8006133895324257E-01 a      1152     1     6     2    12
 -5.5726616231202297E-01 a      1153     1     6     2    13
  2.1665164012876539E-01 a      1154     1     6     2    14
  6.6826610503803463E-01 a      1155     1     6     2    15
  6.0207841632855530E-01 a      1156     1     6     2    16
  2.9011938102050255E-01 a      1157     1     6     2    17
  5.9201122977524689E-01 a      1158     1     6     2    18
 -3.4238837720749482E-01 a      1159     1     6     2    19
  7.2196404698612804E-01 a      1160     1     6     2    20
 -4.9224087495717228E-01 a      1161     1     7     2     1
  2.8248378040689687E-01 a      1162     1     7     2     2
 -1.3427421639603368E-01 a      1163     1     7     2     3
  2.3074990338006748E-01 a      1164     1     7     2     4
  4.2335145228634580E-01 a      1165     1     7     2     5
  3.3283890477811595E-01 a      1166     1     7     2     6
 -2.0577678026593230E-02 a      1167     1     7     2     7
 -3.1825485232650114E-01 a      1168     1     7     2     8
 -2.5059395072851082E-01 a      1169     1     7     2     9
 -1.7513183604266028E-02 a      1170     1     7     2    10
  1.8121832797724216E-01 a      1171     1     7     2    11
 -2.2668481551022671E-01 a      1172     1     7     2    12
  3.8493964298830119E-02 a      1173     1     7     2    13
  5.6246172933213667E-01 a      1174     1     7     2    14
 -2.7543700003767713E-01 a      1175     1     7     2    15
 -1.9187175859437530E-01 a      1176     1     7     2    16
  4.0017536673647541E-01 a      1177     1     7     2    17
  5.5004580616576326E-01 a      1178     1     7     2    18
  4.4677345379802885E-01 a      1179     1     7     2    19
 -1.5400144096817972E-01 a      1180     1     7     2    20
  8.6626683051303965E-01 a      1181     1     8     2     1
 -5.3081468195439940E-01 a      1182     1     8     2     2
  1.0685265311726890E+00 a      1183     1     8     2     3
 -6.1538020749791789E-01 a      1184     1     8     2     4
  5.4528157332246485E-01 a      1185     1     8     2     5
 -4.2423940210965294E-01 a      1186     1     8     2     6
  9.8933773167165201E-02 a      1187     1     8     2     7
  1.5566124666549330E-01 a      1188     1     8     2     8
 -8.4285844027774925E-01 a      1189     1     8     2     9
  1.8756416337978382E-01 a      1190     1     8     2    10
  8.5553775586533476E-01 a      1191     1     8     2    11
  5.8685324155574770E-01 a      1192     1     8     2    12
  3.8079934212989064E-01 a      1193     1     8     2    13
  1.6688373384535810E-01 a      1194     1     8     2    14
 -1.8413935758701586E-01 a      1195     1     8     2    15
 -1.8338994438835429E-01 a      1196     1     8     2    16
 -1.5673707761158351E-01 a      1197     1     8     2    17
  9.4595229263553696E-02 a      1198     1     8     2    18
 -3.7931516672820659E-02 a      1199     1     8     2    19
 -2.5711945328197572E-01 a      1200     1     8     2    20
  9.3202605632086521E-01 a      1201     1     9     2     1
 -4.8684631275039392E-01 a      1202     1     9     2     2
  9.6203568001841266E-02 a      1203     1     9     2     3
 -9.1842994379807141E-01 a      1204     1     9     2     4
  3.7871973968939621E-01 a      1205     1     9     2     5
 -1.8057261468068780E-01 a      1206     1     9     2     6
 -6.8020919452925099E-01 a      1207     1     9     2     7
  1.0591901226296499E-01 a      1208     1     9     2     8
 -8.3271014816989830E-01 a      1209     1     9     2     9
  4.3327910544793846E-01 a      1210     1     9     2    10
  4.6741977239440580E-01 a      1211     1     9     2    11
  9.8285777181424150E-01 a      1212     1     9     2    12
 -1.6203277246030134E-01 a      1213     1     9     2    13
 -6.2549487986650909E-01 a      1214     1     9     2    14
 -2.9387381845807220E-01 a      1215     1     9     2    15
  5.0296712280825417E-01 a      1216     1     9     2    16
  5.1791795924976358E-01 a      1217     1     9     2    17
 -1.8655268181517287E-01 a      1218     1     9     2    18
 -4.3371949331459225E-01 a      1219     1     9     2    19
  2.1764967264129742E-01 a      1220     1     9     2    20
  6.3844329707206165E-03 a      1221     1    10     2     1
 -3.8197600909665186E-01 a      1222     1    10     2     2
  7.9569066331507743E-01 a      1223     1    10     2     3
  5.5013549319325694E-01 a      1224     1    10     2     4
  1.0497579368035970E-01 a      1225     1    10     2     5
 -2.6905319318804294E-01 a      1226     1    10     2     6
 -4.9800479558907573E-01 a      1227     1    10     2     7
 -5.9268447573601080E-01 a      1228     1    10     2     8
 -8.1840083227232061E-02 a      1229     1    10     2     9
 -9.9102053464642192E-01 a      1230     1    10     2    10
 -3.1210611357265478E-01 a      1231     1    10     2    11
  3.8981894534894074E-01 a      1232     1    10     2    12
 -6.0821711496406317E-01 a      1233     1    10     2    13
 -4.1577859728427713E-01 a      1234     1    10     2    14
 -4.2954555627037899E-01 a      1235     1    10     2    15
 -9.9291982558173131E-01 a      1236     1    10     2    16
  3.5535943940482195E-01 a      1237     1    10     2    17
 -1.0270867718722497E-01 a      1238     1    10     2    18
  7.1763549984135855E-01 a      1239     1    10     2    19
 -1.7251568569002781E-01 a      1240     1    10     2    20
 -7.6380959232564349E-01 a      1241     1    11     2     1
  8.7017556181498357E-01 a      1242     1    11     2     2
  7.1449490302422203E-01 a      1243     1    11     2     3
 -3.3357323472353390E-01 a      1244     1    11     2     4
 -2.9882824818282315E-03 a      1245     1    11     2     5
  3.3334897534616631E-01 a      1246     1    11     2     6
 -3.1439253450839189E-01 a      1247     1    11     2     7
 -1.2180980480739384E-01 a      1248     1    11     2     8
 -1.3185439834614349E-01 a      1249     1    11     2     9
  8.3329442959312572E-01 a      1250     1    11     2    10
 -3.5313381820372097E-01 a      1251     1    11     2    11
  1.5495471618727691E-01 a      1252     1    11     2    12
 -5.0563689321845096E-01 a      1253     1    11     2    13
 -2.2105211820526638E-01 a      1254     1    11     2    14
  1.7182401295665664E-01 a      1255     1    11     2    15
  6.0177796924442764E-02 a      1256     1    11     2    16
  6.5769433301663197E-02 a      1257     1    11     2    17
 -7.1246070967308270E-02 a      1258     1    11     2    18
 -3.4323832264951021E-01 a      1259     1    11     2    19
 -7.7057785459016181E-01 a      1260     1    11     2    20
 -1.4197460848931753E-01 a      1261     1    12     2     1
  3.9055036016786243E-01 a      1262     1    12     2     2
 -3.5991598064402047E-01 a      1263     1    12     2     3
  2.0058450844377010E-01 a      1264     1    12     2     4
 -3.2469737665398601E-01 a      1265     1    12     2     5
 -5.0104255631527328E-01 a      1266     1    12     2     6
  8.0860918292512227E-02 a      1267     1    12     2     7
 -5.6345677555644069E-01 a      1268     1    12     2     8
  3.0603165585949516E-01 a      1269     1    12     2     9
 -1.3593433077280967E-01 a      1270     1    12     2    10
  7.4545929577205217E-01 a      1271     1    12     2    11
  2.2792099740722457E-01 a      1272     1    12     2    12
  8.7766338706196489E-01 a      1273     1    12     2    13
 -1.0725371993134010E-01 a      1274     1    12     2    14
 -3.4234706021307271E-01 a      1275     1    12     2    15
 -7.6396695078356380E-01 a      1276     1    12     2    16
  5.7818940199681430E-02 a      1277     1    12     2    17
 -2.0247176112395063E-01 a      1278     1    12     2    18
  1.9769758686765095E-02 a      1279     1    12     2    19
 -5.5069834808377283E-01 a      1280     1    12     2    20
 -2.3678834749612923E-01 a      1281     1    13     2     1
  9.9387523315903181E-01 a      1282     1    13     2     2
 -9.0054762734930960E-01 a      1283     1    13     2     3
 -3.2458846175245298E-01 a      1284     1    13     2     4
  2.8116697711307886E-01 a      1285     1    13     2     5
  4.4896497097088794E-01 a      1286     1    13     2     6
  3.1582047054159301E-01 a      1287     1    13     2     7
 -4.6201105453225055E-01 a      1288     1    13     2     8
  1.4587652514329981E-02 a      1289     1    13     2     9
 -5.8070616766177063E-01 a      1290     1    13     2    10
 -7.9409014105082176E-01 a      1291     1    13     2    11
 -3.2045514088289018E-01 a      1292     1    13     2    12
  3.6807238904382311E-02 a      1293     1    13     2    13
 -5.8019438047882399E-01 a      1294     1    13     2    14
 -2.3498621790470811E-01 a      1295     1    13     2    15
  2.0700205581581801E-01 a      1296     1    13     2    16
  3.8882561668599686E-01 a      1297     1    13     2    17
 -3.8060400910368863E-01 a      1298     1    13     2    18
  3.3724090759353187E-01 a      1299     1    13     2    19
 -1.0400613129218268E-01 a      1300     1    13     2    20
  3.2929455848083955E-01 a      1301     1    14     2     1
 -5.9903367070947622E-01 a      1302     1    14     2     2
  3.5686024449164194E-01 a      1303     1    14     2     3
  7.8092769609141721E-01 a      1304     1    14     2     4
  3.5610060736864624E-01 a      1305     1    14     2     5
  7.6682892722075610E-02 a      1306     1    14     2     6
  4.0646977995004657E-01 a      1307     1    14     2     7
 -6.0781839864003449E-02 a      1308     1    14     2     8
  6.1241373942729005E-01 a      1309     1    14     2     9
 -8.9415230111153002E-02 a      1310     1    14     2    10
  1.0302696554634281E+00 a      1311     1    14     2    11
 -6.8634146924141926E-01 a      1312     1    14     2    12
  7.5345532924978809E-01 a      1313     1    14     2    13
  2.3838850909068740E-01 a      1314     1    14     2    14
  5.1469949420414640E-01 a      1315     1    14     2    15
  6.0847265563980624E-01 a      1316     1    14     2    16
 -6.4028944332885987E-02 a      1317     1    14     2    17
  8.3817203463906464E-01 a      1318     1    14     2    18
 -9.0412623748497303E-02 a      1319     1    14     2    19
  6.1248967874684757E-01 a      1320     1    14     2    20
 -3.0695717227713470E-01 a      1321     1    15     2     1
  4.6411226668772027E-01 a      1322     1    15     2     2
 -8.1531966117507326E-01 a      1323     1    15     2     3
 -3.5428992383697366E-01 a      1324     1    15     2     4
 -2.1432756068030706E-01 a      1325     1    15     2     5
 -6.0145098757485926E-01 a      1326     1    15     2     6
 -1.1579057507423735E-01 a      1327     1    15     2     7
  3.1675454586648504E-03 a      1328     1    15     2     8
 -7.3995359601594768E-01 a      1329     1    15     2     9
 -1.0465148125668386E+00 a      1330     1    15     2    10
  2.3468736095342987E-01 a      1331     1    15     2    11
 -2.3504635515277156E-01 a      1332     1    15     2    12
  7.6756154829588674E-01 a      1333     1    15     2    13
 -6.7919103496844091E-01 a      1334     1    15     2    14
  4.1538602852212764E-01 a      1335     1    15     2    15
 -3.0979753065759258E-01 a      1336     1    15     2    16
 -3.6913355132788994E-01 a      1337     1    15     2    17
 -6.5949297216780167E-01 a      1338     1    15     2    18
 -9.7267650098992331E-01 a      1339     1    15     2    19
 -3.8059983469452852E-01 a      1340     1    15     2    20
 -5.9835801614130943E-03 a      1341     1    16     2     1
  6.8322751257253900E-01 a      1342     1    16     2     2
 -5.9419819716252709E-01 a      1343     1    16     2     3
  7.7842279023735222E-02 a      1344     1    16     2     4
  7.7098581215514328E-01 a      1345     1    16     2     5
 -9.1808967544488529E-02 a      1346     1    16     2     6
  4.8537333645349628E-01 a      1347     1    16     2     7
  2.2556864529708778E-01 a      1348     1    16     2     8
 -1.2436639917443183E-02 a      1349     1    16     2     9
  1.4968366645036127E-01 a      1350     1    16     2    10
 -7.4204740734214403E-01 a      1351     1    16     2    11
  6.8044753558087756E-03 a      1352     1    16     2    12
 -7.1055148922699185E-01 a      1353     1    16     2    13
 -4.5006377837805761E-01 a      1354     1    16     2    14
 -1.1492155400464936E-02 a      1355     1    16     2    15
 -8.8273669106603544E-02 a      1356     1    16     2    16
 -5.0166574158544464E-01 a      1357     1    16     2    17
 -1.0015736160157729E-01 a      1358     1    16     2    18
 -8.3093210986637370E-02 a      1359     1    16     2    19
 -1.7738977665551864E-01 a      1360     1    16     2    20
  1.9835014761823122E-01 a      1361     1    17     2     1
  1.9173029048709223E-01 a      1362     1    17     2     2
  8.4613621016970897E-01 a      1363     1    17     2     3
 -2.1622359063547253E-01 a      1364     1    17     2     4
 -2.4302616416836592E-02 a      1365     1    17     2     5
 -8.5496819283592804E-02 a      1366     1    17     2     6
 -4.4568212073825869E-01 a      1367     1    17     2     7
 -3.3511536444088968E-01 a      1368     1    17     2     8
  1.4551788167206245E+00 a      1369     1    17     2     9
  2.9831759206642888E-01 a      1370     1    17     2    10
 -5.1325015251175408E-02 a      1371     1    17     2    11
  4.0167181638115962E-01 a      1372     1    17     2    12
 -6.8693705329492627E-01 a      1373     1    17     2    13
 -3.1956026225474982E-01 a      1374     1    17     2    14
 -4.8792073393813362E-01 a      1375     1    17     2    15
 -1.1153546096328362E-01 a      1376     1    17     2    16
  7.2797618679828457E-01 a      1377     1    17     2    17
  1.7418656622946699E-01 a      1378     1    17     2    18
  1.6150197863605251E-01 a      1379     1    17     2    19
 -1.3988734152305549E-01 a      1380     1    17     2    20
 -4.1035414059359548E-01 a      1381     1    18     2     1
 -1.4597885053344817E-01 a      1382     1    18     2     2
 -4.2334242176906667E-01 a      1383     1    18     2     3
 -2.6725791344089128E-01 a      1384     1    18     2     4
 -4.8370830605872883E-01 a      1385     1    18     2     5
  5.2323017603987096E-02 a      1386     1    18     2     6
  4.7540627546104663E-01 a      1387     1    18     2     7
  5.1591363768388221E-01 a      1388     1    18     2     8
 -5.3215165399091185E-02 a      1389     1    18     2     9
 -1.0103010900574416E-01 a      1390     1    18     2    10
  5.1166860401901459E-01 a      1391     1    18     2    11
 -3.1692774776752358E-01 a      1392     1    18     2    12
 -4.0208717525332488E-01 a      1393     1    18     2    13
  3.5751453827931257E-01 a      1394     1    18     2    14
  1.9520341676643801E-01 a      1395     1    18     2    15
  1.7008458132532697E-01 a      1396     1    18     2    16
 -8.5739447839056249E-01 a      1397     1    18     2    17
  1.9173117483622665E-01 a      1398     1    18     2    18
 -2.1956887258166272E-01 a      1399     1    18     2    19
  1.6019581002850894E-01 a      1400     1    18     2    20
  2.7496044642958706E-01 a      1401     1    19     2     1
 -7.1822897926528873E-01 a      1402     1    19     2     2
 -2.6319887230087802E-01 a      1403     1    19     2     3
  6.6613548523055333E-01 a      1404     1    19     2     4
 -4.2831383359196384E-01 a      1405     1    19     2     5
  3.3031829618984893E-01 a      1406     1    19     2     6
  2.1434318383311513E-01 a      1407     1    19     2     7
 -4.7851573226796024E-01 a      1408     1    19     2     8
  3.2990034854115204E-02 a      1409     1    19     2     9
 -4.3004655579880779E-01 a      1410     1    19     2    10
  2.5106480819184016E-02 a      1411     1    19     2    11
 -7.2055717549331322E-01 a      1412     1    19     2    12
  6.0794504589312182E-01 a      1413     1    19     2    13
 -6.4024684116442271E-02 a      1414     1    19     2    14
 -6.4577015259558246E-01 a      1415     1    19     2    15
 -8.5992190930550653E-03 a      1416     1    19     2    16
 -4.7017512768859393E-01 a      1417     1    19     2    17
  7.7879854726062014E-01 a      1418     1    19     2    18
  4.6074910449841328E-01 a      1419     1    19     2    19
  1.9057690606914546E-01 a      1420     1    19     2    20
 -2.1988356898088427E-02 a      1421     1    20     2     1
  5.1311263816191680E-02 a      1422     1    20     2     2
  5.2747999582354814E-02 a      1423     1    20     2     3
 -3.1456414887928924E-01 a      1424     1    20     2     4
 -7.3235331025138384E-01 a      1425     1    20     2     5
  4.6032127733015049E-01 a      1426     1    20     2     6
 -3.4483491135799460E-01 a      1427     1    20     2     7
 -5.0556699655989012E-01 a      1428     1    20     2     8
 -6.5868871205877211E-01 a      1429     1    20     2     9
  3.1144597259162088E-01 a      1430     1    20     2    10
  2.2512022993007458E-01 a      1431     1    20     2    11
  3.4121519641490511E-01 a      1432     1    20     2    12
  4.7636704059296742E-01 a      1433     1    20     2    13
 -5.5629909657532639E-01 a      1434     1    20     2    14
 -3.1556484509792482E-01 a      1435     1    20     2    15
  3.6900074927610699E-01 a      1436     1    20     2    16
 -4.2269411486961306E-01 a      1437     1    20     2    17
  8.0955740480601820E-02 a      1438     1    20     2    18
  4.9203640787404707E-01 a      1439     1    20     2    19
 -9.3566338648961500E-01 a      1440     1    20     2    20
 -2.0260984503729542E+00 b      1441     2     1
  4.6449503764386102E-01 b      1442     2     2
  4.2853285172700673E-01 b      1443     2     3
  9.1732958294710409E-01 b      1444     2     4
  1.4607787352112964E+00 b      1445     2     5
 -3.0574815741505362E-01 b      1446     2     6
 -8.4749342749028200E-01 b      1447     2     7
  9.4520743041102262E-01 b      1448     2     8
 -1.7782065495364188E-01 b      1449     2     9
 -1.7599542371109829E+00 b      1450     2    10
  1.3134266768564151E+00 b      1451     2    11
  6.7192745148031352E-01 b      1452     2    12
  4.8357122405806435E-01 b      1453     2    13
 -1.4215457937003388E+00 b      1454     2    14
 -1.3121653462396548E+00 b      1455     2    15
  1.3123865336208806E+00 b      1456     2    16
 -6.6249685091218913E-01 b      1457     2    17
  1.7963968760964577E+00 b      1458     2    18
 -7.2108851486572045E-01 b      1459     2    19
 -1.4373348842960241E+00 b      1460     2    20
 -2.4556203526644640E+00 a      1461     2     1     3     1
  1.6491287728511159E-01 a      1462     2     2     3     1
  1.4320647181190210E-01 a      1463     2     3     3     1
 -9.6055653638772706E-02 a      1464     2     4     3     1
  2.3354286578918759E+00 a      1465     2     5     3     1
 -1.3362721338690134E-01 a      1466     2     6     3     1
 -1.3648005697058434E+00 a      1467     2     7     3     1
  1.8468532302782381E+00 a      1468     2     8     3     1
 -1.5090531007708283E-01 a      1469     2     9     3     1
 -2.3439026289071729E+00 a      1470     2    10     3     1
  2.4531881426910696E+00 a      1471     2    11     3     1
 -4.3074925561644500E-01 a      1472     2    12     3     1
  2.1606787700722374E-01 a      1473     2    13     3     1
 -1.0579030483959775E+00 a      1474     2    14     3     1
 -1.5190273992709533E+00 a      1475     2    15     3     1
  2.6924396919257871E+00 a      1476     2    16     3     1
  5.5697224642604926E-01 a      1477     2    17     3     1
  1.6391460574797150E+00 a      1478     2    18     3     1
 -1.8223212967815798E+00 a      1479     2    19     3     1
 -6.5614247997106090E-01 a      1480     2    20     3     1
  3.0777710295434226E+00 b      1481     3     1
